Starting Dynare (version 5.1).
Calling Dynare with arguments: none
Starting preprocessing of the model file ...
Found 46 equation(s).
Evaluating expressions...done
Computing static model derivatives (order 1).
Computing dynamic model derivatives (order 1).
Processing outputs ...
done
Preprocessing completed.


STEADY-STATE RESULTS:

a_a      		 1
a_g      		 0.3
a_y_star 		 1
a_r_star 		 1.0101
c        		 1.31509
h        		 0.898276
k        		 15.3113
i        		 0.382782
y_h      		 2.29002
v        		 -94.8585
lm1      		 0.512345
c1       		 1.39707
h1       		 0.853786
d1       		 19.1391
b1       		 2.5
b_f1     		 0.0625
v1       		 -84.8625
lm2      		 1.02621
c2       		 0.987146
h2       		 1.07623
v2       		 -134.842
r_d      		 1.01452
r_k      		 0.035101
w        		 1.21474
q        		 1
mc       		 0.711182
pi_h     		 1.00438
pi       		 1.00438
p_h      		 0.853506
s        		 1.31066
delta_e  		 1.00438
r        		 1.01452
t1       		 0.320202
t2       		 0.320202
log_y    		 0.670156
log_c1   		 0.334379
log_c2   		 -0.0129369
log_k    		 2.72859
log_h1   		 -0.158075
log_h2   		 0.0734686
log_b_f  		 -2.77259
log_r    		 0.014419
log_r_d  		 0.0144189
log_w    		 0.194532
log_pi   		 0.0043686
log_tot  		 -0.428932

MODEL SUMMARY

  Number of variables:         46
  Number of stochastic shocks: 5
  Number of state variables:   10
  Number of jumpers:           11
  Number of static variables:  28


MATRIX OF COVARIANCE OF EXOGENOUS SHOCKS
Variables          eps_a       eps_g  eps_y_star  eps_r_star       eps_m
eps_a           0.005055    0.000000    0.000000    0.000000    0.000000
eps_g           0.000000    0.002500    0.000000    0.000000    0.000000
eps_y_star      0.000000    0.000000    0.006209    0.000000    0.000000
eps_r_star      0.000000    0.000000    0.000000    0.006384    0.000000
eps_m           0.000000    0.000000    0.000000    0.000000    0.062500

POLICY AND TRANSITION FUNCTIONS
                               log_y          log_c1          log_c2           log_k          log_h1          log_h2         log_b_f           log_r         log_r_d           log_w          log_pi         log_tot
Constant                    0.670156        0.334379       -0.012937        2.728591       -0.158075        0.073469       -2.772589        0.014419        0.014419        0.194532        0.004369       -0.428932
a_a(-1)                     0.686482        0.624165       -0.036047        0.026024       -0.212829        0.227313        3.324618       -0.660044       -0.660045        0.609844       -0.559370       -0.441836
a_y_star(-1)                0.067017        0.028041        0.149428        0.001272        0.023012       -0.057913        0.662510       -0.054530       -0.054530        0.125119        0.029525        0.201562
a_r_star(-1)                0.001864       -0.085165       -0.040835       -0.000514        0.040729        0.011176        2.806645        0.268273        0.268273       -0.048142        0.003968       -0.064534
k(-1)                       0.014330        0.024832        0.006390        0.063505       -0.010227        0.002068        0.014327       -0.008502       -0.008502        0.018984       -0.010501       -0.007317
b1(-1)                      0.014392        0.051849       -0.514226        0.001193       -0.052418        0.324966        0.800418       -0.079701       -0.079701       -0.053555       -0.026910       -0.034565
b_f1(-1)                    0.003662        0.331547        0.249238        0.008546       -0.148472       -0.093599        7.706682       -0.566956       -0.566956        0.217678        0.041491        0.294364
r(-1)                       0.036414        0.132431       -1.344123        0.003048       -0.139877        0.844493        2.050419       -0.203702       -0.203702       -0.154768       -0.117451       -0.087085
i(-1)                       0.098896       -0.271746       -0.053163        0.041041        0.173502        0.027780       -1.905519        0.139589        0.139589       -0.022986       -0.029080        0.018863
p_h(-1)                    -0.019583       -0.040995       -0.323411       -0.000892       -0.101044        0.087233       -0.489751        0.059848        0.059848       -0.385121        0.034744        0.055824
s(-1)                      -0.007349       -0.036101        0.595730       -0.000847        0.082892       -0.338330       -0.603911        0.056526        0.056526        0.176472        0.395840        0.014788
eps_a                      -0.762757       -0.693517        0.040053       -0.028915        0.236476       -0.252570       -3.694020        0.733383        0.733383       -0.677605        0.621522        0.490929
eps_g                       0.057624       -0.051888       -0.136144       -0.001148        0.043853        0.100024       -0.673442        0.076936        0.076936        0.027784       -0.000735        0.059993
eps_y_star                  0.111120        0.046494        0.247767        0.002110        0.038157       -0.096025        1.098507       -0.090416       -0.090416        0.207459        0.048955        0.334211
eps_r_star                  0.003078       -0.198635       -0.105741       -0.001959        0.093822        0.031892        4.379097        0.570185        0.570185       -0.115804        0.002634       -0.155533
eps_m                       0.001927        0.009463       -0.156160        0.000222       -0.021729        0.088687        0.158304       -0.014817       -0.014817       -0.046259       -0.103762       -0.003877


THEORETICAL MOMENTS (HP filter, lambda = 100)
VARIABLE         MEAN  STD. DEV.   VARIANCE
log_y          0.6702     0.0512     0.0026
log_c1         0.3344     0.0473     0.0022
log_c2        -0.0129     0.1062     0.0113
log_k          2.7286     0.0072     0.0001
log_h1        -0.1581     0.0198     0.0004
log_h2         0.0735     0.0599     0.0036
log_b_f       -2.7726     0.5657     0.3200
log_r          0.0144     0.0651     0.0042
log_r_d        0.0144     0.0651     0.0042
log_w          0.1945     0.0591     0.0035
log_pi         0.0044     0.0442     0.0020
log_tot       -0.4289     0.0413     0.0017



VARIANCE DECOMPOSITION (in percent) (HP filter, lambda = 100)
                eps_a       eps_g  eps_y_star  eps_r_star       eps_m
log_y           97.20        0.27        2.46        0.06        0.01
log_c1          84.20        0.26        0.63       14.70        0.21
log_c2          60.71        0.68        2.60       23.55       12.46
log_k           97.94        0.02        0.58        1.45        0.02
log_h1          67.12        1.25        2.01       22.99        6.63
log_h2          55.18        0.92        1.24       29.95       12.71
log_b_f         20.69        0.30        2.92       75.69        0.41
log_r           52.68        0.29        1.36       45.40        0.27
log_r_d         52.68        0.29        1.36       45.40        0.27
log_w           86.94        0.15        5.95        3.51        3.45
log_pi          66.92        0.12        2.82        0.38       29.77
log_tot         48.63        0.55       37.54       13.17        0.12



MATRIX OF CORRELATIONS (HP filter, lambda = 100)
Variables      log_y   log_c1   log_c2    log_k   log_h1   log_h2  log_b_f    log_r  log_r_d    log_w   log_pi  log_tot
log_y         1.0000   0.8548   0.3826  -0.0507  -0.4446  -0.1491   0.4339  -0.7091  -0.7091   0.9224  -0.7411  -0.5556
log_c1        0.8548   1.0000   0.1474  -0.2369  -0.8001   0.0879   0.4348  -0.9172  -0.9172   0.7972  -0.7408  -0.4672
log_c2        0.3826   0.1474   1.0000   0.0955   0.4128  -0.9684  -0.1615  -0.2343  -0.2343   0.6516   0.1354   0.0677
log_k        -0.0507  -0.2369   0.0955   1.0000   0.3351  -0.1268  -0.2535   0.1331   0.1331  -0.0423   0.1159   0.0976
log_h1       -0.4446  -0.8001   0.4128   0.3351   1.0000  -0.5789  -0.3740   0.7240   0.7240  -0.2756   0.7029   0.4093
log_h2       -0.1491   0.0879  -0.9684  -0.1268  -0.5789   1.0000   0.2964   0.0334   0.0334  -0.4417  -0.3178  -0.1908
log_b_f       0.4339   0.4348  -0.1615  -0.2535  -0.3740   0.2964   1.0000  -0.1593  -0.1593   0.3204  -0.3539  -0.2926
log_r        -0.7091  -0.9172  -0.2343   0.1331   0.7240   0.0334  -0.1593   1.0000   1.0000  -0.7411   0.5962   0.2072
log_r_d      -0.7091  -0.9172  -0.2343   0.1331   0.7240   0.0334  -0.1593   1.0000   1.0000  -0.7411   0.5962   0.2072
log_w         0.9224   0.7972   0.6516  -0.0423  -0.2756  -0.4417   0.3204  -0.7411  -0.7411   1.0000  -0.4795  -0.3367
log_pi       -0.7411  -0.7408   0.1354   0.1159   0.7029  -0.3178  -0.3539   0.5962   0.5962  -0.4795   1.0000   0.5950
log_tot      -0.5556  -0.4672   0.0677   0.0976   0.4093  -0.1908  -0.2926   0.2072   0.2072  -0.3367   0.5950   1.0000



COEFFICIENTS OF AUTOCORRELATION (HP filter, lambda = 100)
Order            1        2        3        4        5
log_y       0.4701   0.1243  -0.1000  -0.2216  -0.2661
log_c1      0.2339  -0.0545  -0.1823  -0.2084  -0.1832
log_c2      0.1455  -0.0572  -0.1464  -0.1654  -0.1494
log_k       0.9104   0.6839   0.3880   0.0866  -0.1738
log_h1     -0.0832  -0.0730  -0.1252  -0.1166  -0.0908
log_h2     -0.0501  -0.0999  -0.1249  -0.1099  -0.0847
log_b_f     0.5881   0.0684  -0.2396  -0.3516  -0.3384
log_r       0.1704  -0.0664  -0.1587  -0.1730  -0.1525
log_r_d     0.1704  -0.0664  -0.1587  -0.1730  -0.1525
log_w       0.5317   0.0649  -0.1576  -0.2599  -0.2788
log_pi      0.0093   0.0007  -0.0813  -0.1162  -0.1236
log_tot     0.2720  -0.0347  -0.1595  -0.1937  -0.1825
Total computing time : 0h00m01s
