Starting Dynare (version 5.1).
Calling Dynare with arguments: none
Starting preprocessing of the model file ...
Found 61 equation(s).
Evaluating expressions...done
Computing static model derivatives (order 1).
Computing dynamic model derivatives (order 1).
Processing outputs ...
done
Preprocessing completed.


STEADY-STATE RESULTS:

a_a       		 1
a_z       		 1
a_g       		 0
a_y_star  		 1
a_r_star  		 1.00301
c         		 0.986824
h         		 0.430401
k         		 11.1911
i         		 0.279779
y_h       		 1.26131
v         		 -448.634
lm1       		 0.90241
c1        		 1.02731
h1        		 0.392451
d1        		 13.9889
d_f1      		 0
b1        		 2.5
b_f1      		 0.625
l1        		 13.9889
s1        		 0
tau1      		 0
v1        		 -411.747
lm2       		 1.33872
c2        		 0.824862
h2        		 0.582199
m2        		 0.386475
m_f2      		 0.185365
cbdc2     		 0
l2        		 1.09103
s2        		 0.00316677
tau2      		 0.0946943
v2        		 -596.183
r_d       		 1.02306
r_df      		 1.00301
r_k       		 0.028009
w         		 1.47863
q         		 1
mc        		 0.75307
pi_h      		 1.01999
pi        		 1.01999
p_h       		 1.00409
s         		 0.964611
delta_e   		 1.01999
r         		 1.02306
tax       		 0.0410926
t1        		 -0.0365897
t2        		 -0.0365897
log_y     		 0.236239
log_c     		 -0.0132635
log_c1    		 0.0269482
log_c2    		 -0.192539
log_r     		 0.022801
log_r_d   		 0.022801
log_w     		 0.391118
log_pi_h  		 0.0197965
log_pi    		 0.0197965
log_tot   		 0.0401146
log_d1    		 2.63827
log_m2    		 -0.950687
log_cbdc2 		 0
log_m_f2  		 -1.68543

MODEL SUMMARY

  Number of variables:         61
  Number of stochastic shocks: 6
  Number of state variables:   13
  Number of jumpers:           12
  Number of static variables:  39


MATRIX OF COVARIANCE OF EXOGENOUS SHOCKS
Variables          eps_a       eps_z       eps_g  eps_y_star  eps_r_star       eps_m
eps_a           0.000225    0.000000    0.000000    0.000000    0.000000    0.000000
eps_z           0.000000    0.000100    0.000000    0.000000    0.000000    0.000000
eps_g           0.000000    0.000000    0.000100    0.000000    0.000000    0.000000
eps_y_star      0.000000    0.000000    0.000000    0.000100    0.000000    0.000000
eps_r_star      0.000000    0.000000    0.000000    0.000000    0.000100    0.000000
eps_m           0.000000    0.000000    0.000000    0.000000    0.000000    0.062500

POLICY AND TRANSITION FUNCTIONS
                                   v              v1              v2           log_y           log_c          log_c1          log_c2           log_r         log_r_d           log_w        log_pi_h          log_pi         log_tot          log_d1          log_m2       log_cbdc2        log_m_f2
Constant                 -448.634439     -411.747266     -596.183131        0.236239       -0.013263        0.026948       -0.192539        0.022801        0.022801        0.391118        0.019797        0.019797        0.040115        2.638266       -0.950687               0       -1.685427
a_a(-1)                    35.085532       28.374029       61.931544        0.678305        0.739248        0.873978        0.068052       -1.061633       -1.061633        0.998774       -0.752572       -0.748320       -0.041014        0.016050        1.467091               0       -2.694980
a_z(-1)                     0.301863        3.233807      -11.425917        0.023463        0.006115        0.089583       -0.409706       -0.057225       -0.057225        0.078931        0.049107        0.017072        0.309007        0.001480        0.211897               0        0.088806
a_y_star(-1)                0.950962        0.739367        1.797342        0.031358        0.030640        0.031721        0.025254       -0.048025       -0.048025        0.065258        0.036367        0.007485        0.278605        0.000544        0.188535               0        0.024186
a_r_star(-1)               46.914665       50.332058       33.245091       -0.043697        0.280417        0.284506        0.260046        0.194455        0.194455        0.320796        0.330580        0.223348        1.034379        0.000484        1.184499               0       -0.107533
k(-1)                       1.207303        1.134475        1.498616        0.018032        0.026029        0.030017        0.006165       -0.021567       -0.021567        0.032357       -0.018734       -0.018688       -0.000446        0.087011        0.039333               0       -0.057964
b1(-1)                     -0.071674        0.141123       -0.922859        0.005696       -0.020979        0.040766       -0.328574       -0.039056       -0.039056       -0.039996       -0.027769       -0.021004       -0.065254        0.000398       -1.095495               0        0.344575
b_f1(-1)                    1.163130        0.684124        3.079152       -0.027997        0.324957        0.341507        0.242509       -0.574631       -0.574631        0.418508        0.233921        0.108415        1.210641        0.003086       -1.128130               0        3.222280
m2(-1)                      0.104736       -0.087952        0.875488        0.035266        0.024180       -0.030626        0.297210        0.035018        0.035018        0.073651        0.038120        0.012855        0.243710       -0.000209        0.767021               0        0.205531
m_f2(-1)                    0.367456        0.017833        1.765950       -0.013141        0.103693        0.041015        0.415940       -0.100971       -0.100971        0.147586        0.088349        0.049748        0.372353        0.000339        0.904065               0        0.430346
r(-1)                      -0.197224        0.376767       -2.493188        0.006430       -0.065416        0.097062       -0.874843       -0.082317       -0.082317       -0.141880       -0.140716       -0.124254       -0.158792        0.000983       -2.915907               0        0.951341
i(-1)                       1.216402        1.075006        1.781987        0.324747       -0.327925       -0.340647       -0.264547       -0.110725       -0.110725       -0.170467       -0.273772       -0.280042        0.060479        0.070634        0.293521               0       -0.993086
p_h(-1)                    -0.131808        0.072692       -0.949806       -0.119326       -0.130103       -0.120946       -0.175716        0.244188        0.244188       -0.468497       -0.836351        0.151611        0.076807       -0.000768       -0.488722               0        0.399619
s(-1)                       0.046833       -0.067696        0.504951        0.015886        0.030018        0.005419        0.152567       -0.027832       -0.027832        0.093637        0.154546        0.154693       -0.001412       -0.000024        0.506771               0       -0.231894
eps_a                     -36.547430      -29.556281      -64.512025       -0.706568       -0.770050       -0.910394       -0.070888        1.105868        1.105868       -1.040390        0.783929        0.779500        0.042723       -0.016719       -1.528220               0        2.807271
eps_z                      -0.317750       -3.404008       12.027281       -0.024698       -0.006436       -0.094298        0.431269        0.060237        0.060237       -0.083085       -0.051691       -0.017971       -0.325271       -0.001558       -0.223049               0       -0.093480
eps_y_star                  1.001013        0.778281        1.891939        0.033008        0.032253        0.033391        0.026583       -0.050553       -0.050553        0.068692        0.038281        0.007879        0.293268        0.000572        0.198458               0        0.025459
eps_r_star                 46.796845       50.561547       31.738037       -0.026596        0.078952        0.072647        0.110364        0.559782        0.559782        0.060802        0.187247        0.157839        0.283678       -0.001458        1.912268               0       -2.143214
eps_m                      -0.045176        0.065301       -0.487081       -0.015324       -0.028956       -0.005227       -0.147168        0.026847        0.026847       -0.090324       -0.149077       -0.149219        0.001362        0.000024       -0.488837               0        0.223687


THEORETICAL MOMENTS (HP filter, lambda = 1600)
VARIABLE          MEAN  STD. DEV.   VARIANCE
v            -448.6344     0.9329     0.8702
v1           -411.7473     0.8661     0.7502
v2           -596.1831     1.3662     1.8665
log_y           0.2362     0.0164     0.0003
log_c          -0.0133     0.0162     0.0003
log_c1          0.0269     0.0155     0.0002
log_c2         -0.1925     0.0428     0.0018
log_r           0.0228     0.0215     0.0005
log_r_d         0.0228     0.0215     0.0005
log_w           0.3911     0.0307     0.0009
log_pi_h        0.0198     0.0391     0.0015
log_pi          0.0198     0.0391     0.0015
log_tot         0.0401     0.0208     0.0004
log_d1          2.6383     0.0039     0.0000
log_m2         -0.9507     0.1547     0.0239
log_cbdc2       0.0000     0.0000     0.0000
log_m_f2       -1.6854     0.0944     0.0089



VARIANCE DECOMPOSITION (in percent) (HP filter, lambda = 1600)
                  eps_a       eps_z       eps_g  eps_y_star  eps_r_star       eps_m
v                 56.86        0.00        0.00        0.02       43.10        0.01
v1                41.59        0.25        0.00        0.01       58.11        0.04
v2                88.33        1.33        0.00        0.03        9.52        0.79
log_y             93.62        0.05        0.00        0.06        0.38        5.89
log_c             76.49        0.01        0.00        0.05        5.05       18.40
log_c1            88.24        0.45        0.00        0.05        7.82        3.44
log_c2            21.11        1.60        0.00        0.01        0.70       76.58
log_r             81.30        0.09        0.00        0.06        6.38       12.17
log_r_d           81.30        0.09        0.00        0.06        6.38       12.17
log_w             48.46        0.07        0.00        0.05        1.00       50.42
log_pi_h          14.46        0.04        0.00        0.02        0.36       85.12
log_pi            14.67        0.01        0.00        0.01        0.20       85.10
log_tot           11.78        5.29        0.00        4.10       61.07       17.76
log_d1            99.01        0.42        0.00        0.05        0.47        0.05
log_m2            34.59        0.05        0.00        0.04        1.55       63.77
log_cbdc2           NaN         NaN         NaN         NaN         NaN         NaN
log_m_f2          55.25        0.05        0.00        0.02        9.97       34.72



MATRIX OF CORRELATIONS (HP filter, lambda = 1600)
Variables           v        v1        v2     log_y     log_c    log_c1    log_c2     log_r   log_r_d     log_w  log_pi_h    log_pi   log_tot    log_d1    log_m2  log_m_f2
v              1.0000    0.9868    0.9117    0.6888    0.7697    0.8140    0.2699   -0.5760   -0.5760    0.5844   -0.2370   -0.2478    0.5535   -0.1422    0.4109   -0.5465
v1             0.9868    1.0000    0.8331    0.5732    0.6817    0.7447    0.1961   -0.4557   -0.4557    0.4960   -0.2178   -0.2294    0.5993   -0.1238    0.3335   -0.4477
v2             0.9117    0.8331    1.0000    0.8981    0.8992    0.8906    0.4242   -0.8109   -0.8109    0.7372   -0.2566   -0.2643    0.3701   -0.1716    0.5573   -0.7306
log_y          0.6888    0.5732    0.8981    1.0000    0.8646    0.7643    0.5742   -0.8800   -0.8800    0.8126   -0.1598   -0.1656    0.2330   -0.0601    0.7142   -0.8494
log_c          0.7697    0.6817    0.8992    0.8646    1.0000    0.9029    0.6300   -0.9107   -0.9107    0.9269    0.0909    0.0851    0.2999   -0.2400    0.7233   -0.8129
log_c1         0.8140    0.7447    0.8906    0.7643    0.9029    1.0000    0.2350   -0.8782   -0.8782    0.6933   -0.2321   -0.2345    0.2571   -0.2891    0.3707   -0.5911
log_c2         0.2699    0.1961    0.4242    0.5742    0.6300    0.2350    1.0000   -0.4727   -0.4727    0.8434    0.6248    0.6161    0.2136   -0.0205    0.9660   -0.7702
log_r         -0.5760   -0.4557   -0.8109   -0.8800   -0.9107   -0.8782   -0.4727    1.0000    1.0000   -0.8266    0.0614    0.0587   -0.0815    0.1854   -0.5802    0.7519
log_r_d       -0.5760   -0.4557   -0.8109   -0.8800   -0.9107   -0.8782   -0.4727    1.0000    1.0000   -0.8266    0.0614    0.0587   -0.0815    0.1854   -0.5802    0.7519
log_w          0.5844    0.4960    0.7372    0.8126    0.9269    0.6933    0.8434   -0.8266   -0.8266    1.0000    0.4003    0.3945    0.2193   -0.1372    0.9041   -0.8990
log_pi_h      -0.2370   -0.2178   -0.2566   -0.1598    0.0909   -0.2321    0.6248    0.0614    0.0614    0.4003    1.0000    0.9993   -0.1090    0.0345    0.5124   -0.2738
log_pi        -0.2478   -0.2294   -0.2643   -0.1656    0.0851   -0.2345    0.6161    0.0587    0.0587    0.3945    0.9993    1.0000   -0.1216    0.0382    0.5024   -0.2675
log_tot        0.5535    0.5993    0.3701    0.2330    0.2999    0.2571    0.2136   -0.0815   -0.0815    0.2193   -0.1090   -0.1216    1.0000   -0.0027    0.2307    0.0264
log_d1        -0.1422   -0.1238   -0.1716   -0.0601   -0.2400   -0.2891   -0.0205    0.1854    0.1854   -0.1372    0.0345    0.0382   -0.0027    1.0000   -0.0249    0.0681
log_m2         0.4109    0.3335    0.5573    0.7142    0.7233    0.3707    0.9660   -0.5802   -0.5802    0.9041    0.5124    0.5024    0.2307   -0.0249    1.0000   -0.8819
log_m_f2      -0.5465   -0.4477   -0.7306   -0.8494   -0.8129   -0.5911   -0.7702    0.7519    0.7519   -0.8990   -0.2738   -0.2675    0.0264    0.0681   -0.8819    1.0000



COEFFICIENTS OF AUTOCORRELATION (HP filter, lambda = 1600)
Order             1        2        3        4        5
v            0.7184   0.4782   0.2791   0.1182  -0.0080
v1           0.7151   0.4754   0.2776   0.1179  -0.0074
v2           0.7269   0.4821   0.2794   0.1166  -0.0108
log_y        0.7668   0.5505   0.3477   0.1806   0.0435
log_c        0.5568   0.3036   0.1375   0.0121  -0.0793
log_c1       0.5321   0.2740   0.1164  -0.0006  -0.0858
log_c2       0.3921   0.0204  -0.0509  -0.0667  -0.0848
log_r        0.4913   0.2916   0.1723   0.0667  -0.0210
log_r_d      0.4913   0.2916   0.1723   0.0667  -0.0210
log_w        0.3929   0.1800   0.0748   0.0015  -0.0558
log_pi_h     0.0861  -0.0212  -0.0167  -0.0217  -0.0358
log_pi       0.0666  -0.0077  -0.0102  -0.0209  -0.0361
log_tot      0.7725   0.5347   0.3365   0.1642   0.0196
log_d1       0.9785   0.9168   0.8210   0.6990   0.5589
log_m2       0.4498   0.1059   0.0211  -0.0174  -0.0566
log_m_f2     0.4822   0.2410   0.1450   0.0675  -0.0047
Total computing time : 0h00m03s
