Starting Dynare (version 5.1).
Calling Dynare with arguments: none
Starting preprocessing of the model file ...
Found 60 equation(s).
Evaluating expressions...done
Computing static model derivatives (order 1).
Computing dynamic model derivatives (order 1).
Processing outputs ...
done
Preprocessing completed.


STEADY-STATE RESULTS:

a_a       		 1
a_z       		 1
a_g       		 0.3
a_y_star  		 1
a_r_star  		 1.0101
c         		 1.27129
h         		 0.883118
k         		 15.1027
i         		 0.377568
y_h       		 2.25383
v         		 -95.6639
lm1       		 0.497343
c1        		 1.33987
h1        		 0.8463
d1        		 18.8784
d_f1      		 -1.47193e-13
b1        		 2.5
b_f1      		 0.0625
l1        		 18.8784
s1        		 0
tau1      		 0
v1        		 -87.4584
lm2       		 0.897622
c2        		 0.996959
h2        		 1.03039
m2        		 0.996694
m_f2      		 0.0412194
cbdc2     		 0
l2        		 1.05047
s2        		 0.00427551
tau2      		 0.116587
v2        		 -128.486
r_d       		 1.01197
r_df      		 1.0101
r_k       		 0.035101
w         		 1.21876
q         		 1
mc        		 0.712754
pi_h      		 1.00185
pi        		 1.00185
p_h       		 0.855402
s         		 1.30453
delta_e   		 1.00185
r         		 1.01197
tax       		 0.128628
t1        		 0.147826
t2        		 0.147826
log_y     		 0.81263
log_c     		 0.240031
log_c1    		 0.292574
log_c2    		 -0.00304605
log_r     		 0.0119025
log_r_d   		 0.0119025
log_w     		 0.19783
log_pi_h  		 0.00185219
log_pi    		 0.00185219
log_tot   		 0.422024
log_l2    		 0.0492339
log_m2    		 -0.0525451
log_cbdc2 		 0

MODEL SUMMARY

  Number of variables:         60
  Number of stochastic shocks: 6
  Number of state variables:   14
  Number of jumpers:           12
  Number of static variables:  37


MATRIX OF COVARIANCE OF EXOGENOUS SHOCKS
Variables          eps_a       eps_z       eps_g  eps_y_star  eps_r_star       eps_m
eps_a           0.005055    0.000000    0.000000    0.000000    0.000000    0.000000
eps_z           0.000000    0.004816    0.000000    0.000000    0.000000    0.000000
eps_g           0.000000    0.000000    0.002500    0.000000    0.000000    0.000000
eps_y_star      0.000000    0.000000    0.000000    0.006209    0.000000    0.000000
eps_r_star      0.000000    0.000000    0.000000    0.000000    0.006384    0.000000
eps_m           0.000000    0.000000    0.000000    0.000000    0.000000    0.062500

POLICY AND TRANSITION FUNCTIONS
                               log_y           log_c          log_c1          log_c2           log_r         log_r_d           log_w        log_pi_h          log_pi         log_tot          log_l2          log_m2       log_cbdc2
Constant                    0.812630        0.240031        0.292574       -0.003046        0.011903        0.011903        0.197830        0.001852        0.001852        0.422024        0.049234       -0.052545               0
a_a(-1)                     0.750018        0.665588        0.908161       -0.638446       -0.873965       -0.873965        0.736461       -0.495228       -0.408469        0.269477       -1.519945        3.691517               0
a_z(-1)                     0.012337       -0.067571       -0.000600       -0.427594       -0.001471       -0.001471       -0.007340       -0.004146       -0.003433        0.002213       -0.093636        0.030869               0
a_g(-1)                     0.099288       -0.178511       -0.163891       -0.257103        0.038123        0.038123        0.057438        0.108338        0.062543       -0.142238       -0.212543        0.192587               0
a_y_star(-1)                0.007563        0.049867        0.041082        0.097097       -0.085423       -0.085423        0.136108        0.145622        0.083374       -0.193344        0.114142        0.091870               0
a_r_star(-1)                0.016514       -0.069020       -0.047022       -0.187278        0.173152        0.173152       -0.051116       -0.017969       -0.000941        0.052891       -0.284122        0.592745               0
k(-1)                       0.015522        0.025225        0.031033       -0.006001       -0.012425       -0.012425        0.021671       -0.008167       -0.006811        0.004211       -0.020685        0.069407               0
b1(-1)                      0.006076       -0.022705        0.033718       -0.326025       -0.035324       -0.035324       -0.014495       -0.014835       -0.011770        0.009523       -0.491237        0.038281               0
b_f1(-1)                   -0.083245        0.308406        0.302317        0.341139       -0.495026       -0.495026        0.234301        0.162029        0.072914       -0.276791        0.385327       -0.585329               0
m2(-1)                     -0.002766        0.015046       -0.034951        0.283822        0.038566        0.038566        0.013845        0.015140        0.011952       -0.009902        0.431829       -0.035582               0
m_f2(-1)                   -0.019024        0.070479        0.069088        0.077960       -0.113127       -0.113127        0.053544        0.037028        0.016663       -0.063254        0.088058       -0.133764               0
r(-1)                       0.013097       -0.065045        0.083146       -0.861695       -0.085600       -0.085600       -0.062731       -0.115454       -0.109019        0.019989       -1.292720        0.092292               0
i(-1)                       0.099982       -0.235437       -0.279246        0.000075        0.173482        0.173482       -0.021628        0.024532        0.019787       -0.014739        0.115852       -0.076812               0
p_h(-1)                    -0.041681       -0.078302       -0.059983       -0.176782        0.081917        0.081917       -0.355969       -1.093028        0.054604       -0.066496       -0.191234       -0.102745               0
s(-1)                       0.015035        0.068569        0.002913        0.421528       -0.014781       -0.014781        0.208140        0.610564        0.619554        0.027922        0.591287        0.019499               0
eps_a                      -0.833354       -0.739542       -1.009068        0.709384        0.971072        0.971072       -0.818290        0.550254        0.453854       -0.299419        1.688828       -4.101686               0
eps_z                      -0.017094        0.093627        0.000832        0.592482        0.002038        0.002038        0.010170        0.005745        0.004757       -0.003067        0.129743       -0.042773               0
eps_g                       0.037233       -0.066942       -0.061459       -0.096414        0.014296        0.014296        0.021539        0.040627        0.023454       -0.053339       -0.079704        0.072220               0
eps_y_star                  0.012540        0.082685        0.068117        0.160996       -0.141640       -0.141640        0.225681        0.241456        0.138242       -0.320583        0.189259        0.152330               0
eps_r_star                  0.040721       -0.165599       -0.123543       -0.391683        0.383030        0.383030       -0.123328       -0.052619       -0.010248        0.131605       -0.578851        1.182202               0
eps_m                      -0.003870       -0.018124       -0.000308       -0.113900        0.003367        0.003367       -0.054489       -0.159496       -0.161800       -0.007157       -0.160212       -0.004608               0


THEORETICAL MOMENTS (HP filter, lambda = 100)
VARIABLE          MEAN  STD. DEV.   VARIANCE
log_y           0.8126     0.0566     0.0032
log_c           0.2400     0.0525     0.0028
log_c1          0.2926     0.0646     0.0042
log_c2         -0.0030     0.1244     0.0155
log_r           0.0119     0.0709     0.0050
log_r_d         0.0119     0.0709     0.0050
log_w           0.1978     0.0634     0.0040
log_pi_h        0.0019     0.0548     0.0030
log_pi          0.0019     0.0480     0.0023
log_tot         0.4220     0.0334     0.0011
log_l2          0.0492     0.1847     0.0341
log_m2         -0.0525     0.2775     0.0770
log_cbdc2       0.0000     0.0000     0.0000



VARIANCE DECOMPOSITION (in percent) (HP filter, lambda = 100)
                  eps_a       eps_z       eps_g  eps_y_star  eps_r_star       eps_m
log_y             99.41        0.04        0.10        0.04        0.38        0.03
log_c             89.36        1.40        0.40        1.42        6.82        0.62
log_c1            96.10        0.00        0.20        0.56        3.11        0.03
log_c2            76.18       10.01        0.25        1.78        7.15        4.62
log_r             80.53        0.00        0.02        2.16       17.25        0.04
log_r_d           80.53        0.00        0.02        2.16       17.25        0.04
log_w             87.12        0.01        0.03        6.21        2.73        3.89
log_pi_h          36.91        0.01        0.18       15.24        2.72       44.95
log_pi            31.70        0.00        0.09        7.09        0.81       60.31
log_tot           31.74        0.01        0.51       54.73       12.71        0.30
log_l2            86.65        0.28        0.13        1.49        7.25        4.21
log_m2            89.84        0.01        0.02        0.17        9.95        0.01
log_cbdc2           NaN         NaN         NaN         NaN         NaN         NaN



MATRIX OF CORRELATIONS (HP filter, lambda = 100)
Variables       log_y     log_c    log_c1    log_c2     log_r   log_r_d     log_w  log_pi_h    log_pi   log_tot    log_l2    log_m2
log_y          1.0000    0.8678    0.7939    0.1203   -0.7078   -0.7078    0.9170   -0.4035   -0.3941    0.5640   -0.0765    0.9567
log_c          0.8678    1.0000    0.9341    0.0849   -0.9346   -0.9346    0.9348   -0.3522   -0.3557    0.2948   -0.1575    0.7933
log_c1         0.7939    0.9341    1.0000   -0.2764   -0.9570   -0.9570    0.8101   -0.4999   -0.4907    0.3290   -0.4888    0.7817
log_c2         0.1203    0.0849   -0.2764    1.0000    0.1551    0.1551    0.2556    0.4472    0.4120   -0.1246    0.9404   -0.0462
log_r         -0.7078   -0.9346   -0.9570    0.1551    1.0000    1.0000   -0.8046    0.4137    0.4234   -0.1403    0.3504   -0.6270
log_r_d       -0.7078   -0.9346   -0.9570    0.1551    1.0000    1.0000   -0.8046    0.4137    0.4234   -0.1403    0.3504   -0.6270
log_w          0.9170    0.9348    0.8101    0.2556   -0.8046   -0.8046    1.0000   -0.1415   -0.1563    0.2738    0.0526    0.8359
log_pi_h      -0.4035   -0.3522   -0.4999    0.4472    0.4137    0.4137   -0.1415    1.0000    0.9812   -0.3797    0.5414   -0.4316
log_pi        -0.3941   -0.3557   -0.4907    0.4120    0.4234    0.4234   -0.1563    0.9812    1.0000   -0.2936    0.5040   -0.4120
log_tot        0.5640    0.2948    0.3290   -0.1246   -0.1403   -0.1403    0.2738   -0.3797   -0.2936    1.0000   -0.2180    0.5949
log_l2        -0.0765   -0.1575   -0.4888    0.9404    0.3504    0.3504    0.0526    0.5414    0.5040   -0.2180    1.0000   -0.2437
log_m2         0.9567    0.7933    0.7817   -0.0462   -0.6270   -0.6270    0.8359   -0.4316   -0.4120    0.5949   -0.2437    1.0000



COEFFICIENTS OF AUTOCORRELATION (HP filter, lambda = 100)
Order             1        2        3        4        5
log_y        0.5053   0.1488  -0.0872  -0.2227  -0.2784
log_c        0.3986  -0.0255  -0.2215  -0.2673  -0.2367
log_c1       0.2186  -0.1165  -0.2109  -0.2017  -0.1556
log_c2       0.3012  -0.0647  -0.1968  -0.2158  -0.1867
log_r        0.2383  -0.1063  -0.2121  -0.2088  -0.1643
log_r_d      0.2383  -0.1063  -0.2121  -0.2088  -0.1643
log_w        0.4800   0.0622  -0.1643  -0.2550  -0.2649
log_pi_h    -0.1252  -0.1305  -0.0945  -0.0754  -0.0587
log_pi      -0.1122  -0.1252  -0.0992  -0.0811  -0.0629
log_tot      0.3774   0.0242  -0.1403  -0.2079  -0.2200
log_l2       0.1683  -0.1419  -0.1981  -0.1705  -0.1242
log_m2       0.4000   0.0648  -0.1161  -0.2045  -0.2317
Total computing time : 0h00m03s
