Starting Dynare (version 5.1).
Calling Dynare with arguments: none
Starting preprocessing of the model file ...
Found 61 equation(s).
Evaluating expressions...done
Computing static model derivatives (order 1).
Computing dynamic model derivatives (order 1).
Processing outputs ...
done
Preprocessing completed.


STEADY-STATE RESULTS:

a_a       		 1
a_z       		 1
a_g       		 0.3
a_y_star  		 1
a_r_star  		 1.0101
c         		 1.28719
h         		 0.880678
k         		 15.0604
i         		 0.376511
y_h       		 2.24757
v         		 -94.5858
lm1       		 0.486642
c1        		 1.35452
h1        		 0.840176
d1        		 10.67
d_f1      		 6.25
b1        		 2.5
b_f1      		 0.0625
l1        		 18.8256
s1        		 0
tau1      		 0
v1        		 -86.284
lm2       		 0.930171
c2        		 1.01788
h2        		 1.04269
m2        		 0.0714571
m_f2      		 0.0564709
cbdc2     		 0.283952
l2        		 1.14842
s2        		 1.98374e-05
tau2      		 0.00793625
v2        		 -127.793
r_d       		 1.03881
r_df      		 1.0101
r_k       		 0.035101
w         		 1.21871
q         		 1
mc        		 0.712737
pi_h      		 1.02843
pi        		 1.02843
p_h       		 0.85529
s         		 1.30489
delta_e   		 1.02843
r         		 1.03881
tax       		 0.136074
t1        		 0.182163
t2        		 0.182163
log_y     		 0.653537
log_c     		 0.252465
log_c1    		 0.303449
log_c2    		 0.0177255
log_r     		 0.038079
log_r_d   		 0.038079
log_w     		 0.197794
log_pi_h  		 0.0280286
log_pi    		 0.0280286
log_tot   		 0.42243
log_d1    		 2.36744
log_m2    		 -2.63866
log_cbdc2 		 -1.25895
log_m_f2  		 -2.87403

MODEL SUMMARY

  Number of variables:         61
  Number of stochastic shocks: 6
  Number of state variables:   15
  Number of jumpers:           12
  Number of static variables:  37


MATRIX OF COVARIANCE OF EXOGENOUS SHOCKS
Variables          eps_a       eps_z       eps_g  eps_y_star  eps_r_star       eps_m
eps_a           0.005055    0.000000    0.000000    0.000000    0.000000    0.000000
eps_z           0.000000    0.004816    0.000000    0.000000    0.000000    0.000000
eps_g           0.000000    0.000000    0.002500    0.000000    0.000000    0.000000
eps_y_star      0.000000    0.000000    0.000000    0.006209    0.000000    0.000000
eps_r_star      0.000000    0.000000    0.000000    0.000000    0.006384    0.000000
eps_m           0.000000    0.000000    0.000000    0.000000    0.000000    0.062500

POLICY AND TRANSITION FUNCTIONS
                                   v              v1              v2           log_y           log_c          log_c1          log_c2           log_r         log_r_d           log_w        log_pi_h          log_pi         log_tot          log_d1          log_m2       log_cbdc2        log_m_f2
Constant                  -94.585808      -86.283986     -127.793096        0.653537        0.252465        0.303449        0.017726        0.038079        0.038079        0.197794        0.028029        0.028029        0.422430        2.367438       -2.638658       -1.258950       -2.874029
a_a(-1)                     9.302149        7.098327       18.117437        0.667714        0.613180        0.715186        0.070208       -1.036579       -1.036579        0.687151       -0.894266       -0.772093        0.379578       -0.146011        5.670351       -1.804738       -2.744831
a_z(-1)                    -0.392138        0.002577       -1.970996        0.011861       -0.070856       -0.003758       -0.428008       -0.002342       -0.002342       -0.010487       -0.012578       -0.010873        0.005296       -0.002882        0.187954       -0.292145        0.041447
a_g(-1)                    -1.997925       -1.199480       -5.191705        0.147089       -0.216094       -0.170966       -0.456304        0.010692        0.010692        0.001922       -0.066613       -0.106712       -0.124583        0.053184       -0.323784       -0.286671       -0.822291
a_y_star(-1)                0.207358        0.137303        0.487577        0.069645        0.046154        0.047488        0.039052       -0.087453       -0.087453        0.101352        0.018508       -0.048932       -0.209527        0.111593        0.082367        0.013880        0.180799
a_r_star(-1)                0.101121        0.111294        0.060433        0.003013       -0.030618       -0.033104       -0.017387        0.126018        0.126018       -0.012364        0.007380        0.015604        0.025553       -0.012836       -0.190225        0.382827       -0.579600
k(-1)                       0.629595        0.580638        0.825422        0.014247        0.023302        0.026517        0.006189       -0.014981       -0.014981        0.020026       -0.017415       -0.015161        0.007005        0.110358        0.099076       -0.013785       -0.061254
b1(-1)                     -0.055362        0.081472       -0.602701        0.005413       -0.019658        0.031520       -0.292074       -0.037597       -0.037597       -0.018300       -0.017180       -0.012441        0.014724       -0.005916        1.630183       -2.094024        0.930797
b_f1(-1)                    0.891801        0.581763        2.131952       -0.001987        0.401803        0.432987        0.235814       -0.769225       -0.769225        0.232536        0.041490       -0.082878       -0.386395        0.217990        1.703525       -1.992897        2.993239
m2(-1)                      0.030185       -0.079354        0.468340       -0.004523        0.009148       -0.034535        0.241667        0.045855        0.045855        0.011126        0.013706        0.012008       -0.005276        0.000962       -1.404533        1.800566       -0.839221
m_f2(-1)                    0.265465        0.042212        1.158479       -0.006483        0.113720        0.063847        0.379189       -0.133920       -0.133920        0.073524        0.028616       -0.005084       -0.104702        0.056407       -1.426305        1.876777       -0.352622
cbdc2(-1)                   0.053294       -0.078428        0.580182       -0.005211        0.018924       -0.030342        0.281161        0.036192        0.036192        0.017616        0.016538        0.011976       -0.014174        0.005695       -1.569274        2.015785       -0.896020
r(-1)                      -0.147110        0.214007       -1.591576        0.010611       -0.055245        0.078876       -0.769159       -0.091593       -0.091593       -0.075660       -0.119896       -0.108374        0.035798       -0.014194        4.248201       -5.481246        2.440426
i(-1)                       0.028797        0.102248       -0.265008        0.102639       -0.270240       -0.294313       -0.142101        0.158685        0.158685       -0.053581       -0.063159       -0.060144        0.009368        0.068007       -0.794746        0.645897       -0.888104
p_h(-1)                    -0.060624        0.055937       -0.526868       -0.048931       -0.065245       -0.035142       -0.225482        0.077830        0.077830       -0.414133       -1.101280        0.057429       -0.032577        0.015936        0.610400       -1.137821        0.567358
s(-1)                       0.020156       -0.024153        0.197390        0.004106        0.012017       -0.002935        0.091608       -0.000672       -0.000672        0.049653        0.124273        0.124212       -0.000188       -0.000173       -0.437515        0.600839       -0.271718
eps_a                     -10.335721       -7.887030      -20.130486       -0.741905       -0.681311       -0.794652       -0.078009        1.151754        1.151754       -0.763501        0.993629        0.857881       -0.421754        0.162235       -6.300390        2.005265        3.049812
eps_z                       0.543353       -0.003570        2.731046       -0.016435        0.098179        0.005207        0.593055        0.003245        0.003245        0.014531        0.017428        0.015066       -0.007338        0.003994       -0.260432        0.404801       -0.057430
eps_g                      -0.749222       -0.449805       -1.946889        0.055158       -0.081035       -0.064112       -0.171114        0.004009        0.004009        0.000721       -0.024980       -0.040017       -0.046719        0.019944       -0.121419       -0.107502       -0.308359
eps_y_star                  0.343820        0.227662        0.808452        0.115479        0.076528        0.078740        0.064752       -0.145006       -0.145006        0.168053        0.030688       -0.081134       -0.347416        0.185033        0.136572        0.023015        0.299782
eps_r_star                  0.086352        0.141529       -0.134358        0.005894       -0.104281       -0.112580       -0.060106        0.326326        0.326326       -0.050284        0.009045        0.038969        0.092968       -0.049480       -0.555670        0.951341       -1.437536
eps_m                      -0.028828        0.037264       -0.293195       -0.005020       -0.016487        0.006277       -0.137655       -0.002312       -0.002312       -0.065693       -0.163198       -0.162954        0.000757        0.000088        0.675261       -0.917863        0.416309


THEORETICAL MOMENTS (HP filter, lambda = 100)
VARIABLE          MEAN  STD. DEV.   VARIANCE
v             -94.5858     0.6732     0.4532
v1            -86.2840     0.4968     0.2468
v2           -127.7931     1.3945     1.9447
log_y           0.6535     0.0509     0.0026
log_c           0.2525     0.0474     0.0022
log_c1          0.3034     0.0519     0.0027
log_c2          0.0177     0.0863     0.0074
log_r           0.0381     0.0803     0.0065
log_r_d         0.0381     0.0803     0.0065
log_w           0.1978     0.0588     0.0035
log_pi_h        0.0280     0.0706     0.0050
log_pi          0.0280     0.0654     0.0043
log_tot         0.4224     0.0378     0.0014
log_d1          2.3674     0.0237     0.0006
log_m2         -2.6387     0.4943     0.2444
log_cbdc2      -1.2589     0.5468     0.2990
log_m_f2       -2.8740     0.4097     0.1678



VARIANCE DECOMPOSITION (in percent) (HP filter, lambda = 100)
                  eps_a       eps_z       eps_g  eps_y_star  eps_r_star       eps_m
v                 99.27        0.28        0.26        0.13        0.04        0.01
v1                99.61        0.00        0.16        0.09        0.11        0.03
v2                97.40        1.66        0.43        0.22        0.05        0.24
log_y             96.97        0.05        0.26        2.65        0.01        0.07
log_c             91.59        1.86        0.66        1.56        3.72        0.62
log_c1            93.68        0.00        0.33        1.28        4.58        0.13
log_c2            60.39       20.84        1.03        1.22        3.04       13.48
log_r             87.57        0.00        0.00        1.88       10.47        0.07
log_r_d           87.57        0.00        0.00        1.88       10.47        0.07
log_w             88.64        0.03        0.01        4.01        0.65        6.66
log_pi_h          69.74        0.02        0.06        1.65        0.07       28.46
log_pi            65.46        0.02        0.09        1.01        0.32       33.09
log_tot           45.93        0.02        0.30       48.17        5.57        0.01
log_d1            62.26        0.02        0.32       32.77        4.60        0.03
log_m2            83.67        0.20        0.04        0.67        5.29       10.14
log_cbdc2         76.65        0.36        0.07        0.82        6.95       15.16
log_m_f2          84.40        0.03        0.13        0.42        9.43        5.59



MATRIX OF CORRELATIONS (HP filter, lambda = 100)
Variables            v         v1         v2      log_y      log_c     log_c1     log_c2      log_r    log_r_d      log_w   log_pi_h     log_pi    log_tot     log_d1     log_m2  log_cbdc2   log_m_f2
v               1.0000     0.9968     0.9934     0.9820     0.9438     0.8852     0.4438    -0.9085    -0.9085     0.9403    -0.7869    -0.7892     0.6394    -0.5189     0.4702     0.1804    -0.7367
v1              0.9968     1.0000     0.9810     0.9804     0.9348     0.8967     0.3757    -0.9108    -0.9108     0.9263    -0.8101    -0.8093     0.6507    -0.5260     0.5147     0.1290    -0.7090
v2              0.9934     0.9810     1.0000     0.9732     0.9461     0.8589     0.5358    -0.8951    -0.8951     0.9497    -0.7451    -0.7518     0.6163    -0.5030     0.4015     0.2517    -0.7679
log_y           0.9820     0.9804     0.9732     1.0000     0.9241     0.8671     0.4331    -0.9069    -0.9069     0.9593    -0.7656    -0.7835     0.5385    -0.4433     0.4342     0.2128    -0.7490
log_c           0.9438     0.9348     0.9461     0.9241     1.0000     0.9583     0.4048    -0.9724    -0.9724     0.9320    -0.7267    -0.7315     0.4982    -0.5022     0.5685     0.0331    -0.5535
log_c1          0.8852     0.8967     0.8589     0.8671     0.9583     1.0000     0.1267    -0.9698    -0.9698     0.8381    -0.7894    -0.7804     0.4964    -0.5484     0.7676    -0.2269    -0.3650
log_c2          0.4438     0.3757     0.5358     0.4331     0.4048     0.1267     1.0000    -0.2721    -0.2721     0.5537     0.0034    -0.0418     0.1409     0.0116    -0.4830     0.8413    -0.7534
log_r          -0.9085    -0.9108    -0.8951    -0.9069    -0.9724    -0.9698    -0.2721     1.0000     1.0000    -0.8942     0.7655     0.7762    -0.4493     0.4610    -0.6319     0.0646     0.4605
log_r_d        -0.9085    -0.9108    -0.8951    -0.9069    -0.9724    -0.9698    -0.2721     1.0000     1.0000    -0.8942     0.7655     0.7762    -0.4493     0.4610    -0.6319     0.0646     0.4605
log_w           0.9403     0.9263     0.9497     0.9593     0.9320     0.8381     0.5537    -0.8942    -0.8942     1.0000    -0.5778    -0.6047     0.4552    -0.3870     0.3228     0.3120    -0.7542
log_pi_h       -0.7869    -0.8101    -0.7451    -0.7656    -0.7267    -0.7894     0.0034     0.7655     0.7655    -0.5778     1.0000     0.9816    -0.5478     0.5032    -0.6981     0.2345     0.3608
log_pi         -0.7892    -0.8093    -0.7518    -0.7835    -0.7315    -0.7804    -0.0418     0.7762     0.7762    -0.6047     0.9816     1.0000    -0.4676     0.4209    -0.6552     0.1870     0.3791
log_tot         0.6394     0.6507     0.6163     0.5385     0.4982     0.4964     0.1409    -0.4493    -0.4493     0.4552    -0.5478    -0.4676     1.0000    -0.8408     0.3668     0.0513    -0.5397
log_d1         -0.5189    -0.5260    -0.5030    -0.4433    -0.5022    -0.5484     0.0116     0.4610     0.4610    -0.3870     0.5032     0.4209    -0.8408     1.0000    -0.5053     0.1624     0.3139
log_m2          0.4702     0.5147     0.4015     0.4342     0.5685     0.7676    -0.4830    -0.6319    -0.6319     0.3228    -0.6981    -0.6552     0.3668    -0.5053     1.0000    -0.7809     0.2059
log_cbdc2       0.1804     0.1290     0.2517     0.2128     0.0331    -0.2269     0.8413     0.0646     0.0646     0.3120     0.2345     0.1870     0.0513     0.1624    -0.7809     1.0000    -0.7583
log_m_f2       -0.7367    -0.7090    -0.7679    -0.7490    -0.5535    -0.3650    -0.7534     0.4605     0.4605    -0.7542     0.3608     0.3791    -0.5397     0.3139     0.2059    -0.7583     1.0000



COEFFICIENTS OF AUTOCORRELATION (HP filter, lambda = 100)
Order              1        2        3        4        5
v             0.4614   0.0912  -0.1285  -0.2336  -0.2605
v1            0.4220   0.0670  -0.1294  -0.2190  -0.2398
v2            0.5137   0.1228  -0.1277  -0.2529  -0.2877
log_y         0.4939   0.1261  -0.1060  -0.2300  -0.2738
log_c         0.4098  -0.0039  -0.2051  -0.2630  -0.2438
log_c1        0.2763  -0.0891  -0.2132  -0.2196  -0.1791
log_c2        0.5194   0.0800  -0.1784  -0.2843  -0.2932
log_r         0.3455  -0.0264  -0.1839  -0.2240  -0.2074
log_r_d       0.3455  -0.0264  -0.1839  -0.2240  -0.2074
log_w         0.4911   0.0821  -0.1505  -0.2534  -0.2727
log_pi_h      0.1150  -0.0152  -0.0967  -0.1386  -0.1464
log_pi        0.1793  -0.0033  -0.1060  -0.1543  -0.1637
log_tot       0.3336   0.0023  -0.1490  -0.2066  -0.2099
log_d1        0.5204   0.1968  -0.0135  -0.1463  -0.2201
log_m2        0.1011  -0.1935  -0.2094  -0.1498  -0.0887
log_cbdc2     0.3983   0.0178  -0.1683  -0.2342  -0.2329
log_m_f2      0.6403   0.2446  -0.0757  -0.2714  -0.3517
Total computing time : 0h00m03s
