Starting Dynare (version 5.1).
Calling Dynare with arguments: none
Starting preprocessing of the model file ...
Found 57 equation(s).
Evaluating expressions...done
Computing static model derivatives (order 1).
Computing dynamic model derivatives (order 1).
Processing outputs ...
done
Preprocessing completed.


STEADY-STATE RESULTS:

a_a       		 1
a_z       		 1
a_g       		 0.3
a_y_star  		 1
a_r_star  		 1.0101
c         		 1.28959
h         		 0.879097
k         		 15.0609
i         		 0.376523
y_h       		 2.24489
v         		 -94.3836
lm1       		 0.483464
c1        		 1.35897
h1        		 0.838854
d1        		 18.8261
b1        		 2.5
b_f1      		 0.0625
l1        		 18.8261
s1        		 0
tau1      		 0
v1        		 -85.9643
lm2       		 0.921486
c2        		 1.01208
h2        		 1.04007
m2        		 0.169703
cbdc2     		 0.428404
l2        		 1.13737
s2        		 6.34395e-05
tau2      		 0.0141949
v2        		 -128.061
r_d       		 1.04266
r_k       		 0.035101
w         		 1.22094
q         		 1
mc        		 0.713611
pi_h      		 1.03223
pi        		 1.03223
p_h       		 0.856325
s         		 1.30157
delta_e   		 1.03223
r         		 1.04266
tax       		 0.13961
t1        		 0.176857
t2        		 0.176857
log_y     		 0.653552
log_c     		 0.254324
log_c1    		 0.306725
log_c2    		 0.0120052
log_r     		 0.0417759
log_r_d   		 0.0417759
log_w     		 0.199623
log_pi_h  		 0.0317256
log_pi    		 0.0317256
log_tot   		 -0.418677
log_d1    		 2.93525
log_m2    		 -1.77371
log_cbdc2 		 -0.847689

MODEL SUMMARY

  Number of variables:         57
  Number of stochastic shocks: 6
  Number of state variables:   14
  Number of jumpers:           12
  Number of static variables:  34


MATRIX OF COVARIANCE OF EXOGENOUS SHOCKS
Variables          eps_a       eps_z       eps_g  eps_y_star  eps_r_star       eps_m
eps_a           0.005055    0.000000    0.000000    0.000000    0.000000    0.000000
eps_z           0.000000    0.004816    0.000000    0.000000    0.000000    0.000000
eps_g           0.000000    0.000000    0.002500    0.000000    0.000000    0.000000
eps_y_star      0.000000    0.000000    0.000000    0.006209    0.000000    0.000000
eps_r_star      0.000000    0.000000    0.000000    0.000000    0.006384    0.000000
eps_m           0.000000    0.000000    0.000000    0.000000    0.000000    0.062500

POLICY AND TRANSITION FUNCTIONS
                                   v              v1              v2           log_y           log_c          log_c1          log_c2           log_r         log_r_d           log_w        log_pi_h          log_pi         log_tot          log_d1          log_m2       log_cbdc2
Constant                  -94.383568      -85.964296     -128.060656        0.653552        0.254324        0.306725        0.012005        0.041776        0.041776        0.199623        0.031726        0.031726       -0.418677        2.935246       -1.773707       -0.847689
a_a(-1)                     9.242817        6.929445       18.496301        0.662270        0.597637        0.690264        0.100136       -1.018569       -1.018569        0.672880       -0.896612       -0.766996       -0.401676        0.027844        2.084338       -1.465553
a_z(-1)                    -0.067175        0.266195       -1.400657        0.013760       -0.017549        0.052489       -0.393719       -0.052698       -0.052698        0.024033        0.001090       -0.014719        0.048994        0.002035        0.198197       -0.232917
a_g(-1)                    -1.988580       -1.191892       -5.175332        0.147290       -0.218105       -0.179723       -0.424256        0.028967        0.028967        0.001981       -0.064753       -0.104136        0.122047       -0.006620       -0.638344       -0.255326
a_y_star(-1)                0.206838        0.135152        0.493579        0.069671        0.047205        0.047986        0.043008       -0.089630       -0.089630        0.102274        0.018453       -0.049297        0.209956        0.001688        0.044985        0.041447
a_r_star(-1)                0.099685        0.111334        0.053089        0.003440       -0.032283       -0.036101       -0.011773        0.138573        0.138573       -0.012756        0.008191        0.017109       -0.027636        0.000228       -0.275379        0.196232
k(-1)                       0.626326        0.573424        0.837936        0.014162        0.022953        0.025965        0.006777       -0.014475       -0.014475        0.019731       -0.017472       -0.015059       -0.007478        0.064589        0.034309       -0.014947
b1(-1)                     -0.048590        0.080638       -0.565504        0.004380       -0.015590        0.037231       -0.299292       -0.052269       -0.052269       -0.015182       -0.016523       -0.013440       -0.009554        0.001045        0.989633       -1.316355
b_f1(-1)                    0.888741        0.569205        2.166886       -0.003150        0.410843        0.449367        0.203936       -0.831427       -0.831427        0.236479        0.037578       -0.090975        0.398382        0.010078        1.756733       -1.021341
m2(-1)                      0.045086       -0.064955        0.485251       -0.000111        0.014985       -0.029361        0.253167        0.040434        0.040434        0.017806        0.014738        0.008881        0.018152       -0.000828       -0.831232        1.108843
cbdc2(-1)                   0.046602       -0.077339        0.542367       -0.004201        0.014952       -0.035708        0.287046        0.050131        0.050131        0.014561        0.015847        0.012890        0.009163       -0.001003       -0.949142        1.262496
r(-1)                      -0.127492        0.210104       -1.477874        0.007577       -0.043899        0.093145       -0.779959       -0.129044       -0.129044       -0.067293       -0.117395       -0.110246       -0.022155        0.002642        2.555526       -3.411918
i(-1)                       0.028340        0.093694       -0.233074        0.102626       -0.273456       -0.301660       -0.121974        0.175185        0.175185       -0.055383       -0.062449       -0.057911       -0.014062        0.041183       -0.724978        0.353841
p_h(-1)                    -0.050919        0.060972       -0.498485       -0.053397       -0.060188       -0.028399       -0.230929        0.065192        0.065192       -0.417837       -1.099043        0.058829        0.030706       -0.000409        0.419407       -0.744095
s(-1)                       0.017602       -0.026846        0.195395        0.004686        0.010445       -0.006208        0.099885        0.005956        0.005956        0.049492        0.124613        0.125002       -0.001206       -0.000217       -0.292666        0.409639
eps_a                     -10.269796       -7.699384      -20.551445       -0.735855       -0.664041       -0.766960       -0.111262        1.131744        1.131744       -0.747645        0.996235        0.852218        0.446306       -0.030938       -2.315931        1.628393
eps_z                       0.093079       -0.368845        1.940775       -0.019067        0.024316       -0.072729        0.545544        0.073019        0.073019       -0.033301       -0.001511        0.020395       -0.067887       -0.002820       -0.274626        0.322734
eps_g                      -0.745718       -0.446960       -1.940749        0.055234       -0.081790       -0.067396       -0.159096        0.010863        0.010863        0.000743       -0.024282       -0.039051        0.045768       -0.002482       -0.239379       -0.095747
eps_y_star                  0.342957        0.224096        0.818403        0.115522        0.078270        0.079566        0.071311       -0.148615       -0.148615        0.169581        0.030598       -0.081739        0.348128        0.002799        0.074590        0.068724
eps_r_star                  0.084008        0.143066       -0.152224        0.006833       -0.108460       -0.120118       -0.045847        0.357158        0.357158       -0.051480        0.011025        0.042738       -0.098278       -0.000743       -0.721913        0.487621
eps_m                      -0.022910        0.034942       -0.254321       -0.006099       -0.013594        0.008080       -0.130007       -0.007752       -0.007752       -0.064417       -0.162193       -0.162699        0.001569        0.000282        0.380926       -0.533174


THEORETICAL MOMENTS (HP filter, lambda = 100)
VARIABLE          MEAN  STD. DEV.   VARIANCE
v             -94.3836     0.6686     0.4470
v1            -85.9643     0.4859     0.2361
v2           -128.0607     1.4146     2.0012
log_y           0.6536     0.0506     0.0026
log_c           0.2543     0.0460     0.0021
log_c1          0.3067     0.0505     0.0025
log_c2          0.0120     0.0864     0.0075
log_r           0.0418     0.0798     0.0064
log_r_d         0.0418     0.0798     0.0064
log_w           0.1996     0.0580     0.0034
log_pi_h        0.0317     0.0705     0.0050
log_pi          0.0317     0.0651     0.0042
log_tot        -0.4187     0.0393     0.0015
log_d1          2.9352     0.0071     0.0001
log_m2         -1.7737     0.2645     0.0700
log_cbdc2      -0.8477     0.3249     0.1055



VARIANCE DECOMPOSITION (in percent) (HP filter, lambda = 100)
                  eps_a       eps_z       eps_g  eps_y_star  eps_r_star       eps_m
v                 99.53        0.02        0.26        0.14        0.04        0.01
v1                99.39        0.21        0.16        0.09        0.13        0.02
v2                98.31        0.83        0.42        0.21        0.05        0.18
log_y             96.90        0.06        0.27        2.67        0.01        0.09
log_c             92.75        0.14        0.70        1.70        4.26        0.44
log_c1            91.61        0.87        0.38        1.36        5.61        0.17
log_c2            65.10       16.50        0.98        1.34        4.18       11.90
log_r             84.73        0.38        0.01        1.97       12.82        0.09
log_r_d           84.73        0.38        0.01        1.97       12.82        0.09
log_w             88.38        0.12        0.01        4.19        0.71        6.59
log_pi_h          69.99        0.05        0.06        1.66        0.07       28.17
log_pi            65.14        0.04        0.09        1.03        0.40       33.30
log_tot           47.89        1.48        0.27       44.60        5.76        0.01
log_d1            97.66        0.68        0.30        0.63        0.67        0.06
log_m2            75.51        0.44        0.18        0.74       12.06       11.08
log_cbdc2         75.50        0.39        0.14        1.02        8.69       14.27



MATRIX OF CORRELATIONS (HP filter, lambda = 100)
Variables            v         v1         v2      log_y      log_c     log_c1     log_c2      log_r    log_r_d      log_w   log_pi_h     log_pi    log_tot     log_d1     log_m2  log_cbdc2
v               1.0000     0.9967     0.9937     0.9838     0.9473     0.8781     0.4600    -0.8955    -0.8955     0.9377    -0.7891    -0.7901    -0.6575     0.0097     0.1749     0.1043
v1              0.9967     1.0000     0.9812     0.9800     0.9408     0.8922     0.3936    -0.8988    -0.8988     0.9248    -0.8085    -0.8072    -0.6588     0.0154     0.2208     0.0532
v2              0.9937     0.9812     1.0000     0.9782     0.9459     0.8491     0.5463    -0.8813    -0.8813     0.9453    -0.7539    -0.7580    -0.6484     0.0016     0.1099     0.1734
log_y           0.9838     0.9800     0.9782     1.0000     0.9356     0.8612     0.4732    -0.8933    -0.8933     0.9605    -0.7608    -0.7782    -0.5529    -0.0052     0.1298     0.1459
log_c           0.9473     0.9408     0.9459     0.9356     1.0000     0.9562     0.3938    -0.9726    -0.9726     0.9351    -0.7397    -0.7456    -0.5209    -0.1659     0.3272    -0.0290
log_c1          0.8781     0.8922     0.8491     0.8612     0.9562     1.0000     0.1073    -0.9686    -0.9686     0.8313    -0.7899    -0.7830    -0.4901    -0.2527     0.5685    -0.2982
log_c2          0.4600     0.3936     0.5463     0.4732     0.3938     0.1073     1.0000    -0.2617    -0.2617     0.5655    -0.0322    -0.0738    -0.2301     0.2297    -0.6735     0.8373
log_r          -0.8955    -0.8988    -0.8813    -0.8933    -0.9726    -0.9686    -0.2617     1.0000     1.0000    -0.8801     0.7648     0.7783     0.4397     0.1643    -0.4314     0.1419
log_r_d        -0.8955    -0.8988    -0.8813    -0.8933    -0.9726    -0.9686    -0.2617     1.0000     1.0000    -0.8801     0.7648     0.7783     0.4397     0.1643    -0.4314     0.1419
log_w           0.9377     0.9248     0.9453     0.9605     0.9351     0.8313     0.5655    -0.8801    -0.8801     1.0000    -0.5743    -0.6024    -0.4671    -0.0264     0.0404     0.2491
log_pi_h       -0.7891    -0.8085    -0.7539    -0.7608    -0.7397    -0.7899    -0.0322     0.7648     0.7648    -0.5743     1.0000     0.9798     0.5527     0.0981    -0.4895     0.2982
log_pi         -0.7901    -0.8072    -0.7580    -0.7782    -0.7456    -0.7830    -0.0738     0.7783     0.7783    -0.6024     0.9798     1.0000     0.4686     0.0677    -0.4456     0.2476
log_tot        -0.6575    -0.6588    -0.6484    -0.5529    -0.5209    -0.4901    -0.2301     0.4397     0.4397    -0.4671     0.5527     0.4686     1.0000     0.0377    -0.1370    -0.0003
log_d1          0.0097     0.0154     0.0016    -0.0052    -0.1659    -0.2527     0.2297     0.1643     0.1643    -0.0264     0.0981     0.0677     0.0377     1.0000    -0.3904     0.3582
log_m2          0.1749     0.2208     0.1099     0.1298     0.3272     0.5685    -0.6735    -0.4314    -0.4314     0.0404    -0.4895    -0.4456    -0.1370    -0.3904     1.0000    -0.9521
log_cbdc2       0.1043     0.0532     0.1734     0.1459    -0.0290    -0.2982     0.8373     0.1419     0.1419     0.2491     0.2982     0.2476    -0.0003     0.3582    -0.9521     1.0000



COEFFICIENTS OF AUTOCORRELATION (HP filter, lambda = 100)
Order              1        2        3        4        5
v             0.4626   0.0922  -0.1281  -0.2337  -0.2611
v1            0.4236   0.0687  -0.1286  -0.2194  -0.2409
v2            0.5124   0.1217  -0.1276  -0.2519  -0.2865
log_y         0.4966   0.1256  -0.1071  -0.2307  -0.2742
log_c         0.4144   0.0017  -0.2012  -0.2625  -0.2463
log_c1        0.2670  -0.0878  -0.2070  -0.2146  -0.1772
log_c2        0.5196   0.0809  -0.1747  -0.2802  -0.2909
log_r         0.3244  -0.0307  -0.1766  -0.2143  -0.1999
log_r_d       0.3244  -0.0307  -0.1766  -0.2143  -0.1999
log_w         0.4934   0.0822  -0.1499  -0.2530  -0.2730
log_pi_h      0.1104  -0.0150  -0.0968  -0.1380  -0.1452
log_pi        0.1770  -0.0031  -0.1055  -0.1538  -0.1632
log_tot       0.3315   0.0034  -0.1484  -0.2069  -0.2103
log_d1        0.9065   0.6735   0.3742   0.0741  -0.1814
log_m2        0.1676  -0.1231  -0.1810  -0.1641  -0.1285
log_cbdc2     0.3150  -0.0355  -0.1750  -0.2099  -0.1952
Total computing time : 0h00m03s
