Starting Dynare (version 5.1).
Calling Dynare with arguments: none
Starting preprocessing of the model file ...
Found 57 equation(s).
Evaluating expressions...done
Computing static model derivatives (order 1).
Computing dynamic model derivatives (order 1).
Processing outputs ...
done
Preprocessing completed.


STEADY-STATE RESULTS:

a_a       		 1
a_z       		 1
a_g       		 0
a_y_star  		 1
a_r_star  		 1.00301
c         		 1.01266
h         		 0.423472
k         		 11.4722
i         		 0.286806
y_h       		 1.25793
v         		 -438.243
lm1       		 0.844584
c1        		 1.0619
h1        		 0.382689
d1        		 14.3403
b1        		 2.5
b_f1      		 0.625
l1        		 14.3403
s1        		 0
tau1      		 0
v1        		 -396.891
lm2       		 1.29463
c2        		 0.815678
h2        		 0.586607
m2        		 1.03567
cbdc2     		 0
l2        		 1.03567
s2        		 0.00822392
tau2      		 0.152736
v2        		 -603.652
r_d       		 1.02307
r_k       		 0.028009
w         		 1.54057
q         		 1
mc        		 0.774061
pi_h      		 1.02
pi        		 1.02
p_h       		 1.03208
s         		 0.781398
delta_e   		 1.02
r         		 1.02307
tax       		 0.042476
t1        		 -0.0405192
t2        		 -0.0405192
log_y     		 0.261045
log_c     		 0.0125767
log_c1    		 0.0600603
log_c2    		 -0.203735
log_r     		 0.022806
log_r_d   		 0.022806
log_w     		 0.432152
log_pi_h  		 0.0198015
log_pi    		 0.0198015
log_tot   		 0.278248
log_d1    		 2.66307
log_m2    		 0.0350463
log_cbdc2 		 0

MODEL SUMMARY

  Number of variables:         57
  Number of stochastic shocks: 6
  Number of state variables:   12
  Number of jumpers:           12
  Number of static variables:  36


MATRIX OF COVARIANCE OF EXOGENOUS SHOCKS
Variables          eps_a       eps_z       eps_g  eps_y_star  eps_r_star       eps_m
eps_a           0.000225    0.000000    0.000000    0.000000    0.000000    0.000000
eps_z           0.000000    0.000100    0.000000    0.000000    0.000000    0.000000
eps_g           0.000000    0.000000    0.000100    0.000000    0.000000    0.000000
eps_y_star      0.000000    0.000000    0.000000    0.000100    0.000000    0.000000
eps_r_star      0.000000    0.000000    0.000000    0.000000    0.000100    0.000000
eps_m           0.000000    0.000000    0.000000    0.000000    0.000000    0.062500

POLICY AND TRANSITION FUNCTIONS
                                   v              v1              v2           log_y           log_c          log_c1          log_c2           log_r         log_r_d           log_w        log_pi_h          log_pi         log_tot          log_d1          log_m2       log_cbdc2
Constant                 -438.243471     -396.891247     -603.652368        0.261045        0.012577        0.060060       -0.203735        0.022806        0.022806        0.432152        0.019801        0.019801        0.278248        2.663072        0.035046               0
a_a(-1)                    36.642428       25.746532       80.226012        0.694539        0.687529        0.783224        0.189200       -0.947093       -0.947093        0.929516       -0.800418       -0.770551       -0.233384        0.015441        0.072559               0
a_z(-1)                     0.806712        3.331834       -9.293773        0.036668        0.024044        0.102463       -0.384318       -0.076199       -0.076199        0.102805        0.053826        0.008368        0.355205        0.001759        0.084904               0
a_y_star(-1)                0.938480        0.628640        2.177841        0.027623        0.028435        0.027918        0.031126       -0.040180       -0.040180        0.056554        0.027060        0.000475        0.207731        0.000509        0.038066               0
a_r_star(-1)               43.441244       43.825804       41.903005       -0.004097        0.257272        0.261963        0.232842        0.160439        0.160439        0.310238        0.284023        0.165152        0.928857        0.001059        0.270133               0
k(-1)                       1.200654        1.056029        1.779151        0.017985        0.024415        0.027428        0.008727       -0.018407       -0.018407        0.030209       -0.019150       -0.018637       -0.004005        0.084867        0.005959               0
b1(-1)                     -0.101159        0.112757       -0.956823        0.003635       -0.016859        0.033240       -0.277743       -0.038210       -0.038210       -0.027570       -0.022362       -0.016291       -0.047435        0.000303       -0.447415               0
b_f1(-1)                    1.220517        0.642590        3.532226        0.020280        0.370195        0.386946        0.282964       -0.733033       -0.733033        0.501533        0.231609        0.058041        1.356251        0.003325        0.245607               0
m2(-1)                      0.180356       -0.050509        1.103817        0.045763        0.041051       -0.003669        0.273931       -0.018629       -0.018629        0.095572        0.042769        0.003432        0.307376        0.000006        0.434877               0
r(-1)                      -0.267226        0.298417       -2.529801        0.003569       -0.051786        0.078033       -0.727813       -0.084502       -0.084502       -0.102946       -0.124004       -0.112068       -0.093270        0.000735       -1.165065               0
i(-1)                       1.245569        0.773402        3.134237        0.319144       -0.344880       -0.372635       -0.200347       -0.054605       -0.054605       -0.196600       -0.283703       -0.279653       -0.031643        0.068355       -0.122741               0
p_h(-1)                    -0.174217        0.049733       -1.070014       -0.117929       -0.126329       -0.114810       -0.186316        0.216767        0.216767       -0.452305       -0.813794        0.145420        0.075810       -0.000814       -0.206080               0
s(-1)                       0.052452       -0.059916        0.501923        0.013913        0.027731        0.008360        0.128604       -0.023228       -0.023228        0.093157        0.181622        0.189210       -0.059294        0.000016        0.187877               0
eps_a                     -38.169196      -26.819305      -83.568763       -0.723478       -0.716176       -0.815858       -0.197083        0.986555        0.986555       -0.968245        0.833769        0.802657        0.243108       -0.016085       -0.075582               0
eps_z                      -0.849171       -3.507193        9.782919       -0.038598       -0.025310       -0.107856        0.404545        0.080209        0.080209       -0.108216       -0.056659       -0.008809       -0.373900       -0.001851       -0.089373               0
eps_y_star                  0.987874        0.661727        2.292464        0.029077        0.029931        0.029387        0.032764       -0.042295       -0.042295        0.059531        0.028484        0.000500        0.218665        0.000536        0.040069               0
eps_r_star                 43.241552       43.996019       40.223688       -0.016955        0.026944        0.021121        0.057262        0.625321        0.625321       -0.002310        0.141538        0.130680        0.084843       -0.001026        0.118628               0
eps_m                      -0.040986        0.046818       -0.392202       -0.010872       -0.021669       -0.006532       -0.100491        0.018150        0.018150       -0.072793       -0.141919       -0.147848        0.046332       -0.000013       -0.146807               0


THEORETICAL MOMENTS (HP filter, lambda = 1600)
VARIABLE          MEAN  STD. DEV.   VARIANCE
v            -438.2435     0.9313     0.8673
v1           -396.8912     0.7673     0.5887
v2           -603.6524     1.7622     3.1053
log_y           0.2610     0.0166     0.0003
log_c           0.0126     0.0150     0.0002
log_c1          0.0601     0.0144     0.0002
log_c2         -0.2037     0.0352     0.0012
log_r           0.0228     0.0201     0.0004
log_r_d         0.0228     0.0201     0.0004
log_w           0.4322     0.0274     0.0008
log_pi_h        0.0198     0.0377     0.0014
log_pi          0.0198     0.0389     0.0015
log_tot         0.2782     0.0252     0.0006
log_d1          2.6631     0.0039     0.0000
log_m2          0.0350     0.0525     0.0028
log_cbdc2       0.0000     0.0000     0.0000



VARIANCE DECOMPOSITION (in percent) (HP filter, lambda = 1600)
                  eps_a       eps_z       eps_g  eps_y_star  eps_r_star       eps_m
v                 63.02        0.01        0.00        0.02       36.93        0.01
v1                43.60        0.34        0.00        0.01       56.03        0.02
v2                89.97        0.53        0.00        0.03        9.14        0.33
log_y             96.17        0.12        0.00        0.05        0.10        3.57
log_c             82.70        0.03        0.00        0.05        5.35       11.87
log_c1            88.63        0.68        0.00        0.04        8.21        2.43
log_c2            39.64        2.00        0.00        0.03        1.05       57.28
log_r             84.99        0.20        0.00        0.05        9.26        5.50
log_r_d           84.99        0.20        0.00        0.05        9.26        5.50
log_w             57.00        0.16        0.00        0.05        1.52       41.27
log_pi_h          16.20        0.06        0.00        0.02        0.36       83.36
log_pi            15.37        0.02        0.00        0.01        0.16       84.44
log_tot           17.13        5.07        0.00        1.64       38.27       37.90
log_d1            98.66        0.57        0.00        0.04        0.72        0.01
log_m2            40.84        0.14        0.00        0.03        1.29       57.71
log_cbdc2           NaN         NaN         NaN         NaN         NaN         NaN



MATRIX OF CORRELATIONS (HP filter, lambda = 1600)
Variables           v        v1        v2     log_y     log_c    log_c1    log_c2     log_r   log_r_d     log_w  log_pi_h    log_pi   log_tot    log_d1    log_m2
v              1.0000    0.9795    0.9364    0.7533    0.8225    0.8412    0.3925   -0.6456   -0.6456    0.6565   -0.2778   -0.2805    0.3117   -0.1501    0.3536
v1             0.9795    1.0000    0.8466    0.6167    0.7172    0.7564    0.2934   -0.4988   -0.4988    0.5516   -0.2419   -0.2474    0.3747   -0.1283    0.2646
v2             0.9364    0.8466    1.0000    0.9163    0.9243    0.9054    0.5261   -0.8372   -0.8372    0.7740   -0.3126   -0.3104    0.1711   -0.1731    0.4736
log_y          0.7533    0.6167    0.9163    1.0000    0.8960    0.8015    0.6724   -0.9049   -0.9049    0.8340   -0.2455   -0.2439    0.1099   -0.0617    0.6560
log_c          0.8225    0.7172    0.9243    0.8960    1.0000    0.9361    0.6619   -0.9203   -0.9203    0.9283   -0.0323   -0.0281    0.0188   -0.2296    0.6139
log_c1         0.8412    0.7564    0.9054    0.8015    0.9361    1.0000    0.3560   -0.8899   -0.8899    0.7604   -0.2414   -0.2290    0.0432   -0.2922    0.3051
log_c2         0.3925    0.2934    0.5261    0.6724    0.6619    0.3560    1.0000   -0.5488   -0.5488    0.8457    0.4285    0.4133   -0.0422    0.0126    0.9809
log_r         -0.6456   -0.4988   -0.8372   -0.9049   -0.9203   -0.8899   -0.5488    1.0000    1.0000   -0.8326    0.1832    0.1661    0.0165    0.1701   -0.5101
log_r_d       -0.6456   -0.4988   -0.8372   -0.9049   -0.9203   -0.8899   -0.5488    1.0000    1.0000   -0.8326    0.1832    0.1661    0.0165    0.1701   -0.5101
log_w          0.6565    0.5516    0.7740    0.8340    0.9283    0.7604    0.8457   -0.8326   -0.8326    1.0000    0.2907    0.2922   -0.1248   -0.1362    0.8162
log_pi_h      -0.2778   -0.2419   -0.3126   -0.2455   -0.0323   -0.2414    0.4285    0.1832    0.1832    0.2907    1.0000    0.9970   -0.4703    0.0306    0.4271
log_pi        -0.2805   -0.2474   -0.3104   -0.2439   -0.0281   -0.2290    0.4133    0.1661    0.1661    0.2922    0.9970    1.0000   -0.4964    0.0344    0.4085
log_tot        0.3117    0.3747    0.1711    0.1099    0.0188    0.0432   -0.0422    0.0165    0.0165   -0.1248   -0.4703   -0.4964    1.0000    0.1161    0.0206
log_d1        -0.1501   -0.1283   -0.1731   -0.0617   -0.2296   -0.2922    0.0126    0.1701    0.1701   -0.1362    0.0306    0.0344    0.1161    1.0000    0.0410
log_m2         0.3536    0.2646    0.4736    0.6560    0.6139    0.3051    0.9809   -0.5101   -0.5101    0.8162    0.4271    0.4085    0.0206    0.0410    1.0000



COEFFICIENTS OF AUTOCORRELATION (HP filter, lambda = 1600)
Order             1        2        3        4        5
v            0.7201   0.4805   0.2811   0.1197  -0.0072
v1           0.7146   0.4739   0.2759   0.1166  -0.0083
v2           0.7326   0.4935   0.2908   0.1254  -0.0051
log_y        0.7835   0.5790   0.3749   0.1975   0.0504
log_c        0.6371   0.3820   0.1866   0.0366  -0.0734
log_c1       0.5718   0.3039   0.1255  -0.0026  -0.0928
log_c2       0.5901   0.2513   0.0830  -0.0137  -0.0799
log_r        0.5864   0.3743   0.2208   0.0921  -0.0125
log_r_d      0.5864   0.3743   0.2208   0.0921  -0.0125
log_w        0.5005   0.2769   0.1274   0.0217  -0.0557
log_pi_h     0.1452  -0.0076  -0.0276  -0.0317  -0.0407
log_pi       0.0880   0.0003  -0.0149  -0.0252  -0.0375
log_tot      0.5098   0.3106   0.1970   0.0951   0.0037
log_d1       0.9785   0.9167   0.8208   0.6985   0.5581
log_m2       0.6021   0.2470   0.0761  -0.0179  -0.0813
Total computing time : 0h00m02s
