Starting Dynare (version 5.1).
Calling Dynare with arguments: none
Starting preprocessing of the model file ...
Found 57 equation(s).
Evaluating expressions...done
Computing static model derivatives (order 1).
Computing dynamic model derivatives (order 1).
Processing outputs ...
done
Preprocessing completed.


STEADY-STATE RESULTS:

a_a       		 1
a_z       		 1
a_g       		 0
a_y_star  		 1
a_r_star  		 1.00301
c         		 0.98086
h         		 0.433073
k         		 11.107
i         		 0.277676
y_h       		 1.26341
v         		 -450.887
lm1       		 0.925214
c1        		 1.01458
h1        		 0.39688
d1        		 13.8838
b1        		 2.5
b_f1      		 0.625
l1        		 13.8838
s1        		 0
tau1      		 0
v1        		 -417.802
lm2       		 1.34708
c2        		 0.845999
h2        		 0.577845
m2        		 0.163408
cbdc2     		 0.466321
l2        		 1.18182
s2        		 0.000106691
tau2      		 0.0173718
v2        		 -583.224
r_d       		 1.02307
r_k       		 0.028009
w         		 1.45846
q         		 1
mc        		 0.746172
pi_h      		 1.02
pi        		 1.02
p_h       		 0.994896
s         		 1.04841
delta_e   		 1.02
r         		 1.02307
tax       		 0.0439211
t1        		 -0.0403729
t2        		 -0.0403729
log_y     		 0.228695
log_c     		 -0.0193255
log_c1    		 0.0144701
log_c2    		 -0.167237
log_r     		 0.0228093
log_r_d   		 0.0228093
log_w     		 0.377384
log_pi_h  		 0.0198047
log_pi    		 0.0198047
log_tot   		 -0.0523893
log_d1    		 2.63072
log_m2    		 -1.81151
log_cbdc2 		 -0.762882

MODEL SUMMARY

  Number of variables:         57
  Number of stochastic shocks: 6
  Number of state variables:   13
  Number of jumpers:           12
  Number of static variables:  35


MATRIX OF COVARIANCE OF EXOGENOUS SHOCKS
Variables          eps_a       eps_z       eps_g  eps_y_star  eps_r_star       eps_m
eps_a           0.000225    0.000000    0.000000    0.000000    0.000000    0.000000
eps_z           0.000000    0.000100    0.000000    0.000000    0.000000    0.000000
eps_g           0.000000    0.000000    0.000100    0.000000    0.000000    0.000000
eps_y_star      0.000000    0.000000    0.000000    0.000100    0.000000    0.000000
eps_r_star      0.000000    0.000000    0.000000    0.000000    0.000100    0.000000
eps_m           0.000000    0.000000    0.000000    0.000000    0.000000    0.062500

POLICY AND TRANSITION FUNCTIONS
                                   v              v1              v2           log_y           log_c          log_c1          log_c2           log_r         log_r_d           log_w        log_pi_h          log_pi         log_tot          log_d1          log_m2       log_cbdc2
Constant                 -450.886800     -417.802488     -583.224045        0.228695       -0.019325        0.014470       -0.167237        0.022809        0.022809        0.377384        0.019805        0.019805       -0.052389        2.630722       -1.811506       -0.762882
a_a(-1)                    31.216263       24.015766       60.018249        0.696785        0.670380        0.780096        0.144069       -0.970624       -0.970624        0.906892       -0.837156       -0.800448       -0.384848        0.015122        1.440600       -0.745978
a_z(-1)                     0.099001        2.978252      -11.418001        0.018876        0.000661        0.083288       -0.395701       -0.047053       -0.047053        0.074226        0.048668        0.020675        0.293478        0.001381        0.049073        0.089159
a_y_star(-1)                0.831626        0.598315        1.764869        0.033280        0.030598        0.028996        0.038285       -0.044894       -0.044894        0.066915        0.038438        0.009897        0.299217        0.000503       -0.128090        0.152498
a_r_star(-1)               48.704620       53.321482       30.237172       -0.063017        0.287875        0.286934        0.292390        0.269335        0.269335        0.320072        0.356993        0.256403        1.054586        0.000311       -0.377512        0.752266
k(-1)                       1.157574        1.083208        1.455038        0.018495        0.024732        0.028182        0.008184       -0.019428       -0.019428        0.030650       -0.020584       -0.019835       -0.007853        0.087647        0.039276       -0.013161
b1(-1)                     -0.035074        0.162040       -0.823531        0.003705       -0.004622        0.042388       -0.230129       -0.054033       -0.054033       -0.016200       -0.014933       -0.013833       -0.011541        0.000464        1.765827       -1.600319
b_f1(-1)                    1.183383        0.641975        3.349017       -0.054598        0.385952        0.395264        0.341283       -0.724235       -0.724235        0.483449        0.267242        0.134545        1.391209        0.003258        0.409693        0.294320
m2(-1)                      0.052458       -0.137420        0.811968        0.014272        0.009206       -0.034733        0.219985        0.041891        0.041891        0.036228        0.022118        0.011644        0.109809       -0.000364       -1.702241        1.539561
cbdc2(-1)                   0.034283       -0.158386        0.804960       -0.003621        0.004518       -0.041432        0.224939        0.052814        0.052814        0.015835        0.014597        0.013521        0.011280       -0.000454       -1.726006        1.564230
r(-1)                      -0.097982        0.429405       -2.207530       -0.000274       -0.022002        0.100933       -0.611730       -0.122784       -0.122784       -0.079095       -0.106317       -0.104524       -0.018798        0.001150        4.585941       -4.179843
i(-1)                       0.923280        0.721066        1.732134        0.329028       -0.352168       -0.367628       -0.278003       -0.075078       -0.075078       -0.202986       -0.295530       -0.292110       -0.035860        0.070904       -0.907086        0.153852
p_h(-1)                    -0.087999        0.102288       -0.849146       -0.125049       -0.124150       -0.114040       -0.172645        0.218304        0.218304       -0.460200       -0.834581        0.158940        0.121704       -0.000701       -0.005433       -0.287433
s(-1)                       0.023953       -0.065266        0.380830        0.018203        0.020898        0.005164        0.096376       -0.018056       -0.018056        0.077109        0.136276        0.138026       -0.018351       -0.000031       -0.528759        0.525520
eps_a                     -32.516940      -25.016423      -62.519010       -0.725818       -0.698313       -0.812600       -0.150072        1.011067        1.011067       -0.944680        0.872038        0.833800        0.400883       -0.015752       -1.500625        0.777061
eps_z                      -0.104212       -3.135002       12.018949       -0.019870       -0.000696       -0.087671        0.416527        0.049530        0.049530       -0.078133       -0.051229       -0.021763       -0.308924       -0.001453       -0.051656       -0.093852
eps_y_star                  0.875396        0.629805        1.857757        0.035031        0.032209        0.030522        0.040300       -0.047256       -0.047256        0.070436        0.040461        0.010418        0.314966        0.000530       -0.134831        0.160524
eps_r_star                 48.597535       53.616862       28.520223       -0.029377        0.048002        0.041170        0.080776        0.730094        0.730094        0.019070        0.192970        0.174833        0.190155       -0.001741       -0.641117        0.576343
eps_m                      -0.025113        0.068425       -0.399265       -0.019084       -0.021910       -0.005414       -0.101041        0.018930        0.018930       -0.080841       -0.142872       -0.144707        0.019239        0.000032        0.554355       -0.550959


THEORETICAL MOMENTS (HP filter, lambda = 1600)
VARIABLE          MEAN  STD. DEV.   VARIANCE
v            -450.8868     0.8932     0.7978
v1           -417.8025     0.8449     0.7138
v2           -583.2240     1.3252     1.7563
log_y           0.2287     0.0161     0.0003
log_c          -0.0193     0.0146     0.0002
log_c1          0.0145     0.0145     0.0002
log_c2         -0.1672     0.0325     0.0011
log_r           0.0228     0.0204     0.0004
log_r_d         0.0228     0.0204     0.0004
log_w           0.3774     0.0278     0.0008
log_pi_h        0.0198     0.0376     0.0014
log_pi          0.0198     0.0379     0.0014
log_tot        -0.0524     0.0203     0.0004
log_d1          2.6307     0.0036     0.0000
log_m2         -1.8115     0.1992     0.0397
log_cbdc2      -0.7629     0.1894     0.0359



VARIANCE DECOMPOSITION (in percent) (HP filter, lambda = 1600)
                  eps_a       eps_z       eps_g  eps_y_star  eps_r_star       eps_m
v                 49.25        0.00        0.00        0.02       50.73        0.01
v1                30.95        0.22        0.00        0.01       68.78        0.04
v2                89.77        1.41        0.00        0.03        8.16        0.63
log_y             90.64        0.03        0.00        0.06        0.60        8.68
log_c             79.46        0.03        0.00        0.05        7.34       13.12
log_c1            85.66        0.46        0.00        0.04       10.86        2.98
log_c2            30.24        2.78        0.00        0.03        0.77       66.17
log_r             81.21        0.07        0.00        0.06       11.47        7.20
log_r_d           81.21        0.07        0.00        0.06       11.47        7.20
log_w             49.31        0.07        0.00        0.06        1.41       49.15
log_pi_h          16.44        0.03        0.00        0.03        0.49       83.01
log_pi            15.67        0.01        0.00        0.01        0.29       84.01
log_tot           12.83        4.39        0.00        4.41       72.84        5.54
log_d1            98.81        0.42        0.00        0.05        0.52        0.21
log_m2            35.43        0.01        0.00        0.03        2.87       61.67
log_cbdc2         33.84        0.02        0.00        0.03        1.95       64.16



MATRIX OF CORRELATIONS (HP filter, lambda = 1600)
Variables            v         v1         v2      log_y      log_c     log_c1     log_c2      log_r    log_r_d      log_w   log_pi_h     log_pi    log_tot     log_d1     log_m2  log_cbdc2
v               1.0000     0.9809     0.8685     0.6200     0.7651     0.7879     0.3045    -0.4870    -0.4870     0.5588    -0.2309    -0.2334     0.2142    -0.1257    -0.1585     0.2027
v1              0.9809     1.0000     0.7555     0.4678     0.6520     0.6960     0.2069    -0.3300    -0.3300     0.4494    -0.1887    -0.1938     0.3497    -0.1062    -0.0745     0.1164
v2              0.8685     0.7555     1.0000     0.8962     0.9155     0.8800     0.4984    -0.7998    -0.7998     0.7370    -0.2970    -0.2923    -0.1700    -0.1526    -0.3441     0.3860
log_y           0.6200     0.4678     0.8962     1.0000     0.8908     0.7904     0.6253    -0.9086    -0.9086     0.8536    -0.1175    -0.1084    -0.4433    -0.0683    -0.5218     0.5587
log_c           0.7651     0.6520     0.9155     0.8908     1.0000     0.9290     0.6132    -0.8875    -0.8875     0.9041    -0.0109    -0.0032    -0.1235    -0.2312    -0.4221     0.4818
log_c1          0.7879     0.6960     0.8800     0.7904     0.9290     1.0000     0.2773    -0.8595    -0.8595     0.7175    -0.2483    -0.2398     0.0054    -0.2923    -0.0691     0.1340
log_c2          0.3045     0.2069     0.4984     0.6253     0.6132     0.2773     1.0000    -0.4695    -0.4695     0.8156     0.5015     0.5036    -0.3323     0.0238    -0.9481     0.9647
log_r          -0.4870    -0.3300    -0.7998    -0.9086    -0.8875    -0.8595    -0.4695     1.0000     1.0000    -0.7954     0.1646     0.1513     0.2993     0.1848     0.3155    -0.3653
log_r_d        -0.4870    -0.3300    -0.7998    -0.9086    -0.8875    -0.8595    -0.4695     1.0000     1.0000    -0.7954     0.1646     0.1513     0.2993     0.1848     0.3155    -0.3653
log_w           0.5588     0.4494     0.7370     0.8536     0.9041     0.7175     0.8156    -0.7954    -0.7954     1.0000     0.3649     0.3726    -0.2689    -0.1225    -0.6661     0.7186
log_pi_h       -0.2309    -0.1887    -0.2970    -0.1175    -0.0109    -0.2483     0.5015     0.1646     0.1646     0.3649     1.0000     0.9995    -0.0298     0.0611    -0.4706     0.4852
log_pi         -0.2334    -0.1938    -0.2923    -0.1084    -0.0032    -0.2398     0.5036     0.1513     0.1513     0.3726     0.9995     1.0000    -0.0397     0.0582    -0.4698     0.4850
log_tot         0.2142     0.3497    -0.1700    -0.4433    -0.1235     0.0054    -0.3323     0.2993     0.2993    -0.2689    -0.0298    -0.0397     1.0000    -0.0443     0.3624    -0.3460
log_d1         -0.1257    -0.1062    -0.1526    -0.0683    -0.2312    -0.2923     0.0238     0.1848     0.1848    -0.1225     0.0611     0.0582    -0.0443     1.0000    -0.1209     0.0933
log_m2         -0.1585    -0.0745    -0.3441    -0.5218    -0.4221    -0.0691    -0.9481     0.3155     0.3155    -0.6661    -0.4706    -0.4698     0.3624    -0.1209     1.0000    -0.9969
log_cbdc2       0.2027     0.1164     0.3860     0.5587     0.4818     0.1340     0.9647    -0.3653    -0.3653     0.7186     0.4852     0.4850    -0.3460     0.0933    -0.9969     1.0000



COEFFICIENTS OF AUTOCORRELATION (HP filter, lambda = 1600)
Order              1        2        3        4        5
v             0.7200   0.4803   0.2808   0.1194  -0.0073
v1            0.7167   0.4763   0.2778   0.1179  -0.0075
v2            0.7332   0.4929   0.2888   0.1226  -0.0080
log_y         0.6883   0.4780   0.3069   0.1594   0.0357
log_c         0.6104   0.3465   0.1525   0.0127  -0.0848
log_c1        0.5739   0.2909   0.1022  -0.0228  -0.1042
log_c2        0.5357   0.1993   0.0322  -0.0541  -0.1024
log_r         0.5480   0.3097   0.1511   0.0382  -0.0441
log_r_d       0.5480   0.3097   0.1511   0.0382  -0.0441
log_w         0.3792   0.1943   0.0856   0.0049  -0.0543
log_pi_h      0.0898   0.0106  -0.0110  -0.0310  -0.0466
log_pi        0.0786   0.0118  -0.0124  -0.0317  -0.0461
log_tot       0.8028   0.6132   0.3969   0.1990   0.0353
log_d1        0.9780   0.9151   0.8177   0.6940   0.5525
log_m2        0.5822   0.2063   0.0264  -0.0601  -0.1055
log_cbdc2     0.5703   0.2024   0.0257  -0.0601  -0.1056
Total computing time : 0h00m03s
