Starting Dynare (version 5.1).
Calling Dynare with arguments: none
Starting preprocessing of the model file ...
Found 61 equation(s).
Evaluating expressions...done
Computing static model derivatives (order 1).
Computing dynamic model derivatives (order 1).
Processing outputs ...
done
Preprocessing completed.


STEADY-STATE RESULTS:

a_a       		 1
a_z       		 1
a_g       		 0.3
a_y_star  		 1
a_r_star  		 1.0101
c         		 1.28103
h         		 0.878834
k         		 15.0268
i         		 0.375671
y_h       		 2.24277
v         		 -94.8974
lm1       		 0.487926
c1        		 1.35274
h1        		 0.840876
d1        		 18.7836
d_f1      		 0
b1        		 2.5
b_f1      		 0.0625
l1        		 18.7836
s1        		 0
tau1      		 0
v1        		 -86.4228
lm2       		 0.898486
c2        		 0.99418
h2        		 1.03067
m2        		 0.272776
m_f2      		 0
cbdc2     		 0.733427
l2        		 1.09573
s2        		 0.000640246
tau2      		 0.0450902
v2        		 -128.796
r_d       		 1.04093
r_df      		 1.0101
r_k       		 0.035101
w         		 1.21855
q         		 1
mc        		 0.712672
pi_h      		 1.03052
pi        		 1.03052
p_h       		 0.855204
s         		 1.30516
delta_e   		 1.03052
r         		 1.04093
tax       		 0.145834
t1        		 0.124969
t2        		 0.124969
log_y     		 0.651295
log_c     		 0.247663
log_c1    		 0.302132
log_c2    		 -0.00583726
log_r     		 0.0401171
log_r_d   		 0.0401171
log_w     		 0.197658
log_pi_h  		 0.0300668
log_pi    		 0.0300668
log_tot   		 0.42274
log_d1    		 2.93298
log_m2    		 -1.2991
log_cbdc2 		 -0.310027
log_m_f2  		 0

MODEL SUMMARY

  Number of variables:         61
  Number of stochastic shocks: 6
  Number of state variables:   14
  Number of jumpers:           12
  Number of static variables:  38


MATRIX OF COVARIANCE OF EXOGENOUS SHOCKS
Variables          eps_a       eps_z       eps_g  eps_y_star  eps_r_star       eps_m
eps_a           0.005055    0.000000    0.000000    0.000000    0.000000    0.000000
eps_z           0.000000    0.004816    0.000000    0.000000    0.000000    0.000000
eps_g           0.000000    0.000000    0.002500    0.000000    0.000000    0.000000
eps_y_star      0.000000    0.000000    0.000000    0.006209    0.000000    0.000000
eps_r_star      0.000000    0.000000    0.000000    0.000000    0.006384    0.000000
eps_m           0.000000    0.000000    0.000000    0.000000    0.000000    0.062500

POLICY AND TRANSITION FUNCTIONS
                                   v              v1              v2           log_y           log_c          log_c1          log_c2           log_r         log_r_d           log_w        log_pi_h          log_pi         log_tot          log_d1          log_m2       log_cbdc2        log_m_f2
Constant                  -94.897437      -86.422812     -128.795938        0.651295        0.247663        0.302132       -0.005837        0.040117        0.040117        0.197658        0.030067        0.030067        0.422740        2.932982       -1.299104       -0.310027               0
a_a(-1)                     9.589558        6.726947       21.040002        0.662296        0.597114        0.678911        0.151924       -1.007889       -1.007889        0.680200       -0.892971       -0.764885        0.398029        0.027654        1.225141       -0.589675               0
a_z(-1)                    -0.389716       -0.006862       -1.921131        0.011315       -0.068147       -0.006149       -0.405580        0.000639        0.000639       -0.009307       -0.011204       -0.009812        0.004326       -0.000160        0.026419       -0.122499               0
a_g(-1)                    -1.966137       -1.274092       -4.734320        0.144657       -0.214051       -0.194458       -0.320688        0.043582        0.043582        0.005147       -0.059157       -0.099214       -0.124478       -0.007183       -0.588568       -0.135581               0
a_y_star(-1)                0.211802        0.136478        0.513099        0.069948        0.046919        0.048939        0.035922       -0.090706       -0.090706        0.101932        0.018067       -0.049629       -0.210368        0.001724        0.037314        0.034960               0
a_r_star(-1)                0.101630        0.111275        0.063051        0.003514       -0.032004       -0.036504       -0.007510        0.138900        0.138900       -0.013066        0.008274        0.017116        0.027477        0.000221       -0.167139        0.102794               0
k(-1)                       0.640359        0.570985        0.917856        0.014195        0.022988        0.025856        0.007374       -0.014437       -0.014437        0.019877       -0.017470       -0.015076        0.007439        0.064735        0.023144       -0.003524               0
b1(-1)                     -0.054174        0.076331       -0.576193        0.003332       -0.015879        0.032496       -0.279163       -0.043676       -0.043676       -0.011971       -0.013634       -0.010986        0.008228        0.000946        0.475092       -0.800357               0
b_f1(-1)                    0.903333        0.580670        2.193984       -0.003783        0.408952        0.455759        0.154197       -0.836558       -0.836558        0.237054        0.036234       -0.091431       -0.396722        0.010301        1.141324       -0.527914               0
m2(-1)                      0.028915       -0.074849        0.443971       -0.002731        0.005822       -0.035702        0.231824        0.052107        0.052107        0.005701        0.010794        0.010917        0.000383       -0.000985       -0.420360        0.682488               0
cbdc2(-1)                   0.052043       -0.073330        0.553535       -0.003201        0.015254       -0.031218        0.268185        0.041958        0.041958        0.011500        0.013098        0.010554       -0.007905       -0.000909       -0.456410        0.768884               0
r(-1)                      -0.141207        0.196665       -1.492695        0.004835       -0.044415        0.079761       -0.720264       -0.105199       -0.105199       -0.058630       -0.109687       -0.103716        0.018555        0.002354        1.211600       -2.055194               0
i(-1)                       0.049130        0.071745       -0.041329        0.102936       -0.272567       -0.305576       -0.092912        0.177728        0.177728       -0.055434       -0.061844       -0.057637        0.013075        0.041154       -0.515499        0.199099               0
p_h(-1)                    -0.057594        0.058491       -0.521933       -0.052392       -0.060241       -0.031757       -0.215272        0.070642        0.070642       -0.413110       -1.098647        0.059393       -0.035024       -0.000483        0.167510       -0.479777               0
s(-1)                       0.017703       -0.021281        0.173639        0.005053        0.010017       -0.002739        0.079438        0.000484        0.000484        0.047661        0.122731        0.123351        0.001925       -0.000130       -0.112576        0.212121               0
eps_a                     -10.655065       -7.474386      -23.377780       -0.735885       -0.663460       -0.754345       -0.168805        1.119877        1.119877       -0.755778        0.992190        0.849873       -0.442254       -0.030726       -1.361268        0.655194               0
eps_z                       0.539997        0.009508        2.661952       -0.015679        0.094426        0.008520        0.561979       -0.000886       -0.000886        0.012896        0.015524        0.013595       -0.005994        0.000221       -0.036606        0.169736               0
eps_g                      -0.737301       -0.477784       -1.775370        0.054246       -0.080269       -0.072922       -0.120258        0.016343        0.016343        0.001930       -0.022184       -0.037205       -0.046679       -0.002694       -0.220713       -0.050843               0
eps_y_star                  0.351189        0.226294        0.850769        0.115981        0.077796        0.081146        0.059562       -0.150399       -0.150399        0.169014        0.029958       -0.082290       -0.348812        0.002859        0.061870        0.057967               0
eps_r_star                  0.085967        0.141621       -0.136652        0.007046       -0.107716       -0.121618       -0.032050        0.358370        0.358370       -0.052129        0.011337        0.042804        0.097784       -0.000783       -0.446892        0.254609               0
eps_m                      -0.023105        0.027775       -0.226627       -0.006595       -0.013073        0.003574       -0.103680       -0.000631       -0.000631       -0.062205       -0.160184       -0.160992       -0.002512        0.000170        0.146930       -0.276852               0


THEORETICAL MOMENTS (HP filter, lambda = 100)
VARIABLE          MEAN  STD. DEV.   VARIANCE
v             -94.8974     0.6958     0.4841
v1            -86.4228     0.4709     0.2217
v2           -128.7959     1.6084     2.5869
log_y           0.6513     0.0507     0.0026
log_c           0.2477     0.0461     0.0021
log_c1          0.3021     0.0497     0.0025
log_c2         -0.0058     0.0879     0.0077
log_r           0.0401     0.0793     0.0063
log_r_d         0.0401     0.0793     0.0063
log_w           0.1977     0.0578     0.0033
log_pi_h        0.0301     0.0702     0.0049
log_pi          0.0301     0.0648     0.0042
log_tot         0.4227     0.0390     0.0015
log_d1          2.9330     0.0071     0.0000
log_m2         -1.2991     0.1447     0.0210
log_cbdc2      -0.3100     0.2129     0.0453
log_m_f2        0.0000     0.0000     0.0000



VARIANCE DECOMPOSITION (in percent) (HP filter, lambda = 100)
                  eps_a       eps_z       eps_g  eps_y_star  eps_r_star       eps_m
v                 99.33        0.26        0.23        0.13        0.04        0.01
v1                99.55        0.00        0.20        0.10        0.14        0.02
v2                98.20        1.19        0.27        0.18        0.04        0.11
log_y             96.90        0.04        0.26        2.69        0.01        0.10
log_c             91.31        1.82        0.67        1.67        4.12        0.40
log_c1            92.15        0.01        0.45        1.47        5.85        0.06
log_c2            68.80       18.25        0.62        1.23        3.68        7.43
log_r             84.89        0.00        0.01        2.05       13.01        0.03
log_r_d           84.89        0.00        0.01        2.05       13.01        0.03
log_w             88.93        0.02        0.01        4.18        0.72        6.14
log_pi_h          70.40        0.02        0.06        1.68        0.08       27.75
log_pi            65.58        0.02        0.09        1.05        0.39       32.87
log_tot           48.58        0.01        0.28       45.37        5.72        0.03
log_d1            98.24        0.00        0.36        0.67        0.70        0.03
log_m2            79.93        0.14        0.48        0.80       12.93        5.72
log_cbdc2         81.51        0.48        0.16        1.20        7.50        9.15
log_m_f2            NaN         NaN         NaN         NaN         NaN         NaN



MATRIX OF CORRELATIONS (HP filter, lambda = 100)
Variables            v         v1         v2      log_y      log_c     log_c1     log_c2      log_r    log_r_d      log_w   log_pi_h     log_pi    log_tot     log_d1     log_m2  log_cbdc2
v               1.0000     0.9968     0.9957     0.9822     0.9481     0.8794     0.4998    -0.8970    -0.8970     0.9422    -0.7918    -0.7926     0.6611     0.0150     0.2452     0.2212
v1              0.9968     1.0000     0.9851     0.9792     0.9409     0.8924     0.4355    -0.8993    -0.8993     0.9298    -0.8116    -0.8088     0.6700     0.0183     0.2909     0.1672
v2              0.9957     0.9851     1.0000     0.9777     0.9489     0.8571     0.5712    -0.8872    -0.8872     0.9490    -0.7621    -0.7671     0.6454     0.0110     0.1898     0.2827
log_y           0.9822     0.9792     0.9777     1.0000     0.9303     0.8606     0.4975    -0.8947    -0.8947     0.9638    -0.7639    -0.7804     0.5611     0.0000     0.2005     0.2582
log_c           0.9481     0.9409     0.9489     0.9303     1.0000     0.9564     0.4384    -0.9703    -0.9703     0.9363    -0.7407    -0.7465     0.5224    -0.1487     0.4105     0.0799
log_c1          0.8794     0.8924     0.8571     0.8606     0.9564     1.0000     0.1568    -0.9673    -0.9673     0.8426    -0.7831    -0.7733     0.5056    -0.2537     0.6412    -0.1941
log_c2          0.4998     0.4355     0.5712     0.4975     0.4384     0.1568     1.0000    -0.3042    -0.3042     0.5731    -0.0950    -0.1446     0.2106     0.2775    -0.5847     0.8674
log_r          -0.8970    -0.8993    -0.8872    -0.8947    -0.9703    -0.9673    -0.3042     1.0000     1.0000    -0.8916     0.7577     0.7696    -0.4527     0.1589    -0.5007     0.0228
log_r_d        -0.8970    -0.8993    -0.8872    -0.8947    -0.9703    -0.9673    -0.3042     1.0000     1.0000    -0.8916     0.7577     0.7696    -0.4527     0.1589    -0.5007     0.0228
log_w           0.9422     0.9298     0.9490     0.9638     0.9363     0.8426     0.5731    -0.8916    -0.8916     1.0000    -0.5904    -0.6166     0.4841    -0.0202     0.1517     0.3252
log_pi_h       -0.7918    -0.8116    -0.7621    -0.7639    -0.7407    -0.7831    -0.0950     0.7577     0.7577    -0.5904     1.0000     0.9801    -0.5546     0.0959    -0.4880     0.1594
log_pi         -0.7926    -0.8088    -0.7671    -0.7804    -0.7465    -0.7733    -0.1446     0.7696     0.7696    -0.6166     0.9801     1.0000    -0.4714     0.0640    -0.4412     0.1029
log_tot         0.6611     0.6700     0.6454     0.5611     0.5224     0.5056     0.2106    -0.4527    -0.4527     0.4841    -0.5546    -0.4714     1.0000    -0.0457     0.1777     0.0665
log_d1          0.0150     0.0183     0.0110     0.0000    -0.1487    -0.2537     0.2775     0.1589     0.1589    -0.0202     0.0959     0.0640    -0.0457     1.0000    -0.4390     0.3997
log_m2          0.2452     0.2909     0.1898     0.2005     0.4105     0.6412    -0.5847    -0.5007    -0.5007     0.1517    -0.4880    -0.4412     0.1777    -0.4390     1.0000    -0.8719
log_cbdc2       0.2212     0.1672     0.2827     0.2582     0.0799    -0.1941     0.8674     0.0228     0.0228     0.3252     0.1594     0.1029     0.0665     0.3997    -0.8719     1.0000



COEFFICIENTS OF AUTOCORRELATION (HP filter, lambda = 100)
Order              1        2        3        4        5
v             0.4649   0.0960  -0.1255  -0.2334  -0.2626
v1            0.4220   0.0666  -0.1299  -0.2194  -0.2399
v2            0.5128   0.1286  -0.1205  -0.2487  -0.2876
log_y         0.4983   0.1282  -0.1065  -0.2318  -0.2759
log_c         0.4135   0.0104  -0.1931  -0.2596  -0.2481
log_c1        0.2716  -0.0870  -0.2102  -0.2184  -0.1794
log_c2        0.5989   0.1513  -0.1508  -0.2983  -0.3330
log_r         0.3316  -0.0260  -0.1776  -0.2184  -0.2041
log_r_d       0.3316  -0.0260  -0.1776  -0.2184  -0.2041
log_w         0.4916   0.0873  -0.1457  -0.2515  -0.2738
log_pi_h      0.1189  -0.0170  -0.0984  -0.1391  -0.1463
log_pi        0.1827  -0.0014  -0.1060  -0.1554  -0.1652
log_tot       0.3362  -0.0009  -0.1547  -0.2104  -0.2105
log_d1        0.9060   0.6718   0.3714   0.0708  -0.1844
log_m2        0.2093  -0.1061  -0.1890  -0.1824  -0.1467
log_cbdc2     0.4674   0.0677  -0.1582  -0.2542  -0.2674
Total computing time : 0h00m03s
