Starting Dynare (version 5.1).
Calling Dynare with arguments: none
Starting preprocessing of the model file ...
Found 61 equation(s).
Evaluating expressions...done
Computing static model derivatives (order 1).
Computing dynamic model derivatives (order 1).
Processing outputs ...
done
Preprocessing completed.


STEADY-STATE RESULTS:

a_a       		 1
a_z       		 1
a_g       		 0.3
a_y_star  		 1
a_r_star  		 1.0101
c         		 1.26737
h         		 0.883004
k         		 15.0384
i         		 0.375959
y_h       		 2.25046
v         		 -96.0768
lm1       		 0.497641
c1        		 1.33947
h1        		 0.845301
d1        		 18.798
d_f1      		 0
b1        		 2.5
b_f1      		 0.0625
l1        		 18.798
s1        		 0
tau1      		 0
v1        		 -87.4204
lm2       		 0.910357
c2        		 0.978997
h2        		 1.03382
m2        		 1.01652
m_f2      		 0
cbdc2     		 0
l2        		 1.01652
s2        		 0.00615719
tau2      		 0.139951
v2        		 -130.702
r_d       		 1.0402
r_df      		 1.0101
r_k       		 0.035101
w         		 1.21372
q         		 1
mc        		 0.71078
pi_h      		 1.0298
pi        		 1.0298
p_h       		 0.852936
s         		 1.31252
delta_e   		 1.0298
r         		 1.0402
tax       		 0.128589
t1        		 0.14161
t2        		 0.14161
log_y     		 0.652064
log_c     		 0.236948
log_c1    		 0.292273
log_c2    		 -0.021227
log_r     		 0.0394174
log_r_d   		 0.0394174
log_w     		 0.19369
log_pi_h  		 0.0293671
log_pi    		 0.0293671
log_tot   		 0.431016
log_d1    		 2.93375
log_m2    		 0.0163828
log_cbdc2 		 0
log_m_f2  		 0

MODEL SUMMARY

  Number of variables:         61
  Number of stochastic shocks: 6
  Number of state variables:   13
  Number of jumpers:           12
  Number of static variables:  39


MATRIX OF COVARIANCE OF EXOGENOUS SHOCKS
Variables          eps_a       eps_z       eps_g  eps_y_star  eps_r_star       eps_m
eps_a           0.005055    0.000000    0.000000    0.000000    0.000000    0.000000
eps_z           0.000000    0.004816    0.000000    0.000000    0.000000    0.000000
eps_g           0.000000    0.000000    0.002500    0.000000    0.000000    0.000000
eps_y_star      0.000000    0.000000    0.000000    0.006209    0.000000    0.000000
eps_r_star      0.000000    0.000000    0.000000    0.000000    0.006384    0.000000
eps_m           0.000000    0.000000    0.000000    0.000000    0.000000    0.062500

POLICY AND TRANSITION FUNCTIONS
                                   v              v1              v2           log_y           log_c          log_c1          log_c2           log_r         log_r_d           log_w        log_pi_h          log_pi         log_tot          log_d1          log_m2       log_cbdc2        log_m_f2
Constant                  -96.076834      -87.420430     -130.702448        0.652064        0.236948        0.292273       -0.021227        0.039417        0.039417        0.193690        0.029367        0.029367        0.431016        2.933748        0.016383               0               0
a_a(-1)                     9.389828        6.563990       20.693182        0.662795        0.588986        0.679518        0.093519       -1.018499       -1.018499        0.679125       -0.895628       -0.767469        0.400501        0.027582       -0.140234               0               0
a_z(-1)                    -0.393156        0.007844       -1.997156        0.011681       -0.068539       -0.003799       -0.422852       -0.000737       -0.000737       -0.009804       -0.011838       -0.010375        0.004572       -0.000056       -0.082852               0               0
a_g(-1)                    -1.965118       -1.260247       -4.784602        0.144394       -0.214364       -0.194977       -0.320466        0.047486        0.047486        0.003775       -0.059265       -0.098513       -0.122652       -0.007143       -0.268791               0               0
a_y_star(-1)                0.206264        0.131842        0.503949        0.069961        0.046762        0.048807        0.035572       -0.091641       -0.091641        0.101985        0.018137       -0.049588       -0.211642        0.001698        0.034001               0               0
a_r_star(-1)                0.102387        0.112920        0.060255        0.003813       -0.031253       -0.036787       -0.000967        0.140692        0.140692       -0.012792        0.008467        0.017184        0.027239        0.000237        0.033186               0               0
k(-1)                       0.638532        0.570496        0.910677        0.014183        0.022877        0.025863        0.006534       -0.014643       -0.014643        0.019851       -0.017500       -0.015107        0.007478        0.064689        0.003115               0               0
b1(-1)                     -0.046219        0.085218       -0.571964        0.003539       -0.018638        0.035619       -0.315581       -0.043976       -0.043976       -0.012200       -0.013676       -0.011167        0.007841        0.001068       -0.467921               0               0
b_f1(-1)                    0.897558        0.569045        2.211612       -0.006671        0.406472        0.459296        0.117375       -0.847495       -0.847495        0.235641        0.035795       -0.090839       -0.395737        0.010237       -0.091751               0               0
m2(-1)                      0.022443       -0.082103        0.440628       -0.002854        0.008235       -0.038373        0.263311        0.052510        0.052510        0.005947        0.010848        0.011057        0.000651       -0.001086        0.395286               0               0
r(-1)                      -0.121982        0.219736       -1.488856        0.005457       -0.052108        0.087507       -0.816199       -0.105214       -0.105214       -0.059513       -0.109990       -0.104234        0.017988        0.002663       -1.207204               0               0
i(-1)                       0.036610        0.066750       -0.083951        0.103810       -0.272543       -0.307622       -0.080563        0.179975        0.179975       -0.055591       -0.062117       -0.057978        0.012933        0.041103        0.004237               0               0
p_h(-1)                    -0.050823        0.066508       -0.520147       -0.051570       -0.062217       -0.030857       -0.233846        0.073285        0.073285       -0.413188       -1.101507        0.059302       -0.036286       -0.000408       -0.308642               0               0
s(-1)                       0.017280       -0.023658        0.181034        0.004831        0.011592       -0.003012        0.091522       -0.000755       -0.000755        0.047857        0.122243        0.122678        0.001357       -0.000155        0.130949               0               0
eps_a                     -10.433142       -7.293322      -22.992425       -0.736439       -0.654429       -0.755020       -0.103910        1.131665        1.131665       -0.754584        0.995142        0.852744       -0.445001       -0.030647        0.155815               0               0
eps_z                       0.544764       -0.010868        2.767294       -0.016185        0.094969        0.005264        0.585912        0.001022        0.001022        0.013585        0.016403        0.014376       -0.006335        0.000078        0.114802               0               0
eps_g                      -0.736919       -0.472593       -1.794226        0.054148       -0.080387       -0.073117       -0.120175        0.017807        0.017807        0.001415       -0.022224       -0.036942       -0.045995       -0.002679       -0.100797               0               0
eps_y_star                  0.342006        0.218608        0.835598        0.116002        0.077536        0.080927        0.058982       -0.151950       -0.151950        0.169101        0.030072       -0.082222       -0.350923        0.002815        0.056376               0               0
eps_r_star                  0.088061        0.146065       -0.143956        0.007944       -0.106016       -0.122561       -0.015469        0.363009        0.363009       -0.051449        0.011752        0.042863        0.097223       -0.000745        0.073048               0               0
eps_m                      -0.022680        0.031052       -0.237609       -0.006340       -0.015215        0.003954       -0.120125        0.000991        0.000991       -0.062813       -0.160446       -0.161016       -0.001781        0.000203       -0.171873               0               0


THEORETICAL MOMENTS (HP filter, lambda = 100)
VARIABLE          MEAN  STD. DEV.   VARIANCE
v             -96.0768     0.6813     0.4642
v1            -87.4204     0.4584     0.2102
v2           -130.7024     1.5871     2.5189
log_y           0.6521     0.0507     0.0026
log_c           0.2369     0.0462     0.0021
log_c1          0.2923     0.0499     0.0025
log_c2         -0.0212     0.0957     0.0092
log_r           0.0394     0.0806     0.0065
log_r_d         0.0394     0.0806     0.0065
log_w           0.1937     0.0580     0.0034
log_pi_h        0.0294     0.0704     0.0050
log_pi          0.0294     0.0650     0.0042
log_tot         0.4310     0.0392     0.0015
log_d1          2.9337     0.0069     0.0000
log_m2          0.0164     0.1241     0.0154
log_cbdc2       0.0000     0.0000     0.0000
log_m_f2        0.0000     0.0000     0.0000



VARIANCE DECOMPOSITION (in percent) (HP filter, lambda = 100)
                  eps_a       eps_z       eps_g  eps_y_star  eps_r_star       eps_m
v                 99.30        0.28        0.24        0.13        0.04        0.01
v1                99.52        0.00        0.21        0.10        0.15        0.02
v2                98.04        1.32        0.29        0.18        0.05        0.12
log_y             96.90        0.04        0.25        2.69        0.01        0.09
log_c             91.23        1.83        0.68        1.68        4.03        0.56
log_c1            91.98        0.01        0.45        1.46        6.02        0.09
log_c2            68.65       16.70        0.56        1.17        4.46        8.45
log_r             84.88        0.00        0.02        2.04       13.00        0.06
log_r_d           84.88        0.00        0.02        2.04       13.00        0.06
log_w             88.81        0.02        0.01        4.17        0.72        6.27
log_pi_h          70.48        0.02        0.06        1.69        0.07       27.68
log_pi            65.73        0.02        0.08        1.05        0.39       32.72
log_tot           48.40        0.01        0.27       45.54        5.75        0.01
log_d1            98.18        0.00        0.36        0.65        0.77        0.05
log_m2            80.82        0.54        0.35        1.27        6.66       10.36
log_cbdc2           NaN         NaN         NaN         NaN         NaN         NaN
log_m_f2            NaN         NaN         NaN         NaN         NaN         NaN



MATRIX OF CORRELATIONS (HP filter, lambda = 100)
Variables           v        v1        v2     log_y     log_c    log_c1    log_c2     log_r   log_r_d     log_w  log_pi_h    log_pi   log_tot    log_d1    log_m2
v              1.0000    0.9964    0.9952    0.9818    0.9466    0.8731    0.4682   -0.8958   -0.8958    0.9410   -0.7921   -0.7930    0.6599    0.0204    0.3505
v1             0.9964    1.0000    0.9832    0.9787    0.9366    0.8864    0.3989   -0.8971   -0.8971    0.9272   -0.8134   -0.8106    0.6692    0.0263    0.2932
v2             0.9952    0.9832    1.0000    0.9766    0.9497    0.8498    0.5440   -0.8862   -0.8862    0.9486   -0.7604   -0.7654    0.6433    0.0135    0.4135
log_y          0.9818    0.9787    0.9766    1.0000    0.9276    0.8518    0.4695   -0.8918   -0.8918    0.9619   -0.7652   -0.7817    0.5608    0.0091    0.3853
log_c          0.9466    0.9366    0.9497    0.9276    1.0000    0.9481    0.4211   -0.9683   -0.9683    0.9396   -0.7295   -0.7363    0.5119   -0.1470    0.2486
log_c1         0.8731    0.8864    0.8498    0.8518    0.9481    1.0000    0.1108   -0.9651   -0.9651    0.8355   -0.7799   -0.7704    0.4913   -0.2533   -0.0520
log_c2         0.4682    0.3989    0.5440    0.4695    0.4211    0.1108    1.0000   -0.2736   -0.2736    0.5534   -0.0554   -0.1039    0.1987    0.2630    0.9251
log_r         -0.8958   -0.8971   -0.8862   -0.8918   -0.9683   -0.9651   -0.2736    1.0000    1.0000   -0.8919    0.7528    0.7651   -0.4443    0.1558   -0.1325
log_r_d       -0.8958   -0.8971   -0.8862   -0.8918   -0.9683   -0.9651   -0.2736    1.0000    1.0000   -0.8919    0.7528    0.7651   -0.4443    0.1558   -0.1325
log_w          0.9410    0.9272    0.9486    0.9619    0.9396    0.8355    0.5534   -0.8919   -0.8919    1.0000   -0.5885   -0.6147    0.4790   -0.0166    0.4625
log_pi_h      -0.7921   -0.8134   -0.7604   -0.7652   -0.7295   -0.7799   -0.0554    0.7528    0.7528   -0.5885    1.0000    0.9803   -0.5564    0.0914    0.0608
log_pi        -0.7930   -0.8106   -0.7654   -0.7817   -0.7363   -0.7704   -0.1039    0.7651    0.7651   -0.6147    0.9803    1.0000   -0.4743    0.0593    0.0066
log_tot        0.6599    0.6692    0.6433    0.5608    0.5119    0.4913    0.1987   -0.4443   -0.4443    0.4790   -0.5564   -0.4743    1.0000   -0.0235    0.1454
log_d1         0.0204    0.0263    0.0135    0.0091   -0.1470   -0.2533    0.2630    0.1558    0.1558   -0.0166    0.0914    0.0593   -0.0235    1.0000    0.3335
log_m2         0.3505    0.2932    0.4135    0.3853    0.2486   -0.0520    0.9251   -0.1325   -0.1325    0.4625    0.0608    0.0066    0.1454    0.3335    1.0000



COEFFICIENTS OF AUTOCORRELATION (HP filter, lambda = 100)
Order             1        2        3        4        5
v            0.4638   0.0926  -0.1284  -0.2343  -0.2616
v1           0.4184   0.0639  -0.1300  -0.2177  -0.2377
v2           0.5132   0.1236  -0.1267  -0.2521  -0.2872
log_y        0.4976   0.1284  -0.1060  -0.2315  -0.2758
log_c        0.4273   0.0042  -0.2051  -0.2669  -0.2493
log_c1       0.2667  -0.0998  -0.2152  -0.2144  -0.1714
log_c2       0.5542   0.1027  -0.1741  -0.2920  -0.3068
log_r        0.3362  -0.0364  -0.1859  -0.2192  -0.2002
log_r_d      0.3362  -0.0364  -0.1859  -0.2192  -0.2002
log_w        0.4908   0.0800  -0.1513  -0.2525  -0.2712
log_pi_h     0.1182  -0.0145  -0.0979  -0.1402  -0.1477
log_pi       0.1831  -0.0025  -0.1064  -0.1553  -0.1649
log_tot      0.3362   0.0083  -0.1446  -0.2060  -0.2123
log_d1       0.9050   0.6694   0.3685   0.0686  -0.1851
log_m2       0.5007   0.0687  -0.1747  -0.2709  -0.2780
Total computing time : 0h00m03s
