Starting Dynare (version 5.1).
Calling Dynare with arguments: none
Starting preprocessing of the model file ...
Found 57 equation(s).
Evaluating expressions...done
Computing static model derivatives (order 1).
Computing dynamic model derivatives (order 1).
Processing outputs ...
done
Preprocessing completed.


STEADY-STATE RESULTS:

a_a       		 1
a_z       		 1
a_g       		 0.3
a_y_star  		 1
a_r_star  		 1.0101
c         		 1.52089
h         		 0.839747
k         		 17.6862
i         		 0.442154
y_h       		 2.29561
v         		 -79.931
lm1       		 0.344494
c1        		 1.60991
h1        		 0.80263
d1        		 22.1077
b1        		 2.5
b_f1      		 0.0625
l1        		 22.1077
s1        		 0
tau1      		 0
v1        		 -72.4908
lm2       		 0.642964
c2        		 1.16483
h2        		 0.988213
m2        		 1.20935
cbdc2     		 0
l2        		 1.20935
s2        		 0.00617101
tau2      		 0.140109
v2        		 -109.692
r_d       		 1.0404
r_k       		 0.035101
w         		 1.50095
q         		 1
mc        		 0.819484
pi_h      		 1.03
pi        		 1.03
p_h       		 0.983381
s         		 1.17938
delta_e   		 1.03
r         		 1.0404
tax       		 0.154551
t1        		 0.158607
t2        		 0.158607
log_y     		 0.814241
log_c     		 0.419296
log_c1    		 0.476175
log_c2    		 0.152573
log_r     		 0.0396078
log_r_d   		 0.0396078
log_w     		 0.406097
log_pi_h  		 0.0295574
log_pi    		 0.0295574
log_tot   		 -0.181745
log_d1    		 3.09593
log_m2    		 0.190084
log_cbdc2 		 0

MODEL SUMMARY

  Number of variables:         57
  Number of stochastic shocks: 6
  Number of state variables:   13
  Number of jumpers:           12
  Number of static variables:  35


MATRIX OF COVARIANCE OF EXOGENOUS SHOCKS
Variables          eps_a       eps_z       eps_g  eps_y_star  eps_r_star       eps_m
eps_a           0.005055    0.000000    0.000000    0.000000    0.000000    0.000000
eps_z           0.000000    0.004816    0.000000    0.000000    0.000000    0.000000
eps_g           0.000000    0.000000    0.002500    0.000000    0.000000    0.000000
eps_y_star      0.000000    0.000000    0.000000    0.006209    0.000000    0.000000
eps_r_star      0.000000    0.000000    0.000000    0.000000    0.006384    0.000000
eps_m           0.000000    0.000000    0.000000    0.000000    0.000000    0.062500

POLICY AND TRANSITION FUNCTIONS
                                   v              v1              v2           log_y           log_c          log_c1          log_c2           log_r         log_r_d           log_w        log_pi_h          log_pi         log_tot          log_d1          log_m2       log_cbdc2
Constant                  -79.930970      -72.490794     -109.691673        0.814241        0.419296        0.476175        0.152573        0.039608        0.039608        0.406097        0.029557        0.029557       -0.181745        3.095926        0.190084               0
a_a(-1)                     9.240562        6.523175       20.110112        0.734938        0.681453        0.768571        0.199833       -1.162658       -1.162658        0.783377       -0.920425       -0.879624       -0.481196        0.030479        0.002223               0
a_z(-1)                    -0.028015        0.241036       -1.104220        0.020448       -0.012108        0.054245       -0.378931       -0.063525       -0.063525        0.042319        0.028491        0.008441        0.236463        0.002113       -0.039136               0
a_g(-1)                    -1.801988       -1.182109       -4.281504        0.119958       -0.232289       -0.219034       -0.305566        0.091183        0.091183       -0.023373       -0.046972       -0.060476        0.159255       -0.007949       -0.245918               0
a_y_star(-1)                0.045164        0.023929        0.130104        0.016645        0.009703        0.007410        0.022383       -0.020258       -0.020258        0.030205        0.022119        0.008054        0.165876        0.000305        0.031425               0
a_r_star(-1)                0.076791        0.076646        0.077371        0.000334       -0.020460       -0.022642       -0.008397        0.105421        0.105421       -0.015612        0.001645        0.007236       -0.065929        0.000221        0.001601               0
k(-1)                       0.488162        0.430289        0.719655        0.013455        0.020796        0.023195        0.007533       -0.014331       -0.014331        0.018846       -0.015056       -0.014536       -0.006132        0.055040        0.005277               0
b1(-1)                     -0.036574        0.058263       -0.415923        0.002889       -0.012970        0.032736       -0.265647       -0.045823       -0.045823       -0.010265       -0.013843       -0.012486       -0.016005        0.000893       -0.394042               0
b_f1(-1)                    0.641846        0.400812        1.605984        0.028955        0.314467        0.333021        0.211893       -0.686245       -0.686245        0.275333        0.160686        0.053793        1.260672        0.007847        0.168959               0
m2(-1)                      0.034925       -0.046915        0.362286        0.001294        0.011877       -0.027197        0.227892        0.036874        0.036874        0.014926        0.015704        0.011904        0.044819       -0.000720        0.338946               0
r(-1)                      -0.095705        0.150193       -1.079294        0.003790       -0.037447        0.079828       -0.685790       -0.109425       -0.109425       -0.053953       -0.109541       -0.106666       -0.033913        0.002216       -1.014287               0
i(-1)                       0.120103        0.093994        0.224537        0.098881       -0.232468       -0.264989       -0.052680        0.159174        0.159174       -0.031074       -0.044636       -0.048651        0.047344        0.035009        0.019829               0
p_h(-1)                    -0.049242        0.038978       -0.402122       -0.048960       -0.061390       -0.034961       -0.207499        0.079836        0.079836       -0.364100       -0.952521        0.060708        0.043282       -0.000504       -0.271257               0
s(-1)                       0.013796       -0.017983        0.140910        0.005562        0.011084       -0.002059        0.083740       -0.001208       -0.001208        0.051674        0.134578        0.135258       -0.008020       -0.000123        0.118982               0
eps_a                     -10.267291       -7.247972      -22.344569       -0.816598       -0.757170       -0.853968       -0.222037        1.291843        1.291843       -0.870419        1.022694        0.977360        0.534662       -0.033865       -0.002470               0
eps_z                       0.038818       -0.333984        1.530026       -0.028333        0.016777       -0.075163        0.525053        0.088021        0.088021       -0.058638       -0.039478       -0.011696       -0.327648       -0.002927        0.054228               0
eps_g                      -0.675745       -0.443291       -1.605564        0.044984       -0.087108       -0.082138       -0.114587        0.034194        0.034194       -0.008765       -0.017615       -0.022678        0.059720       -0.002981       -0.092219               0
eps_y_star                  0.074887        0.039677        0.215726        0.027600        0.016089        0.012286        0.037113       -0.033590       -0.033590        0.050082        0.036676        0.013355        0.275039        0.000506        0.052106               0
eps_r_star                  0.069690        0.097450       -0.041350       -0.002740       -0.075029       -0.081288       -0.040427        0.277961        0.277961       -0.061366       -0.015595        0.007344       -0.270537       -0.000497       -0.016641               0
eps_m                      -0.016271        0.021208       -0.166186       -0.006560       -0.013072        0.002428       -0.098761        0.001424        0.001424       -0.060943       -0.158718       -0.159520        0.009459        0.000145       -0.140325               0


THEORETICAL MOMENTS (HP filter, lambda = 100)
VARIABLE          MEAN  STD. DEV.   VARIANCE
v             -79.9310     0.6676     0.4457
v1            -72.4908     0.4567     0.2086
v2           -109.6917     1.5218     2.3158
log_y           0.8142     0.0558     0.0031
log_c           0.4193     0.0502     0.0025
log_c1          0.4762     0.0541     0.0029
log_c2          0.1526     0.0927     0.0086
log_r           0.0396     0.0856     0.0073
log_r_d         0.0396     0.0856     0.0073
log_w           0.4061     0.0637     0.0041
log_pi_h        0.0296     0.0715     0.0051
log_pi          0.0296     0.0698     0.0049
log_tot        -0.1817     0.0518     0.0027
log_d1          3.0959     0.0077     0.0001
log_m2          0.1901     0.1208     0.0146
log_cbdc2       0.0000     0.0000     0.0000



VARIANCE DECOMPOSITION (in percent) (HP filter, lambda = 100)
                  eps_a       eps_z       eps_g  eps_y_star  eps_r_star       eps_m
v                 99.75        0.01        0.21        0.01        0.02        0.00
v1                99.55        0.20        0.18        0.00        0.06        0.01
v2                99.20        0.46        0.25        0.01        0.02        0.07
log_y             99.53        0.11        0.15        0.12        0.01        0.08
log_c             97.18        0.07        0.65        0.06        1.69        0.34
log_c1            96.45        0.80        0.47        0.03        2.21        0.05
log_c2            78.05       13.39        0.59        0.12        1.76        6.08
log_r             92.73        0.47        0.04        0.10        6.62        0.05
log_r_d           92.73        0.47        0.04        0.10        6.62        0.05
log_w             93.73        0.30        0.01        0.30        0.79        4.86
log_pi_h          72.63        0.35        0.04        0.35        0.42       26.20
log_pi            71.79        0.14        0.04        0.13        0.10       27.80
log_tot           37.17       19.49        0.25       16.65       26.20        0.25
log_d1            98.64        0.65        0.35        0.03        0.31        0.02
log_m2            89.72        0.09        0.39        0.14        2.38        7.29
log_cbdc2           NaN         NaN         NaN         NaN         NaN         NaN



MATRIX OF CORRELATIONS (HP filter, lambda = 100)
Variables           v        v1        v2     log_y     log_c    log_c1    log_c2     log_r   log_r_d     log_w  log_pi_h    log_pi   log_tot    log_d1    log_m2
v              1.0000    0.9974    0.9962    0.9928    0.9636    0.8880    0.5396   -0.9295   -0.9295    0.9629   -0.8176   -0.8229   -0.5208    0.0121    0.4414
v1             0.9974    1.0000    0.9872    0.9890    0.9620    0.9034    0.4843   -0.9355   -0.9355    0.9554   -0.8302   -0.8350   -0.5123    0.0184    0.3980
v2             0.9962    0.9872    1.0000    0.9905    0.9587    0.8632    0.6022   -0.9157   -0.9157    0.9653   -0.7966   -0.8025   -0.5275    0.0044    0.4905
log_y          0.9928    0.9890    0.9905    1.0000    0.9482    0.8642    0.5620   -0.9211   -0.9211    0.9724   -0.7957   -0.8039   -0.4696    0.0059    0.4865
log_c          0.9636    0.9620    0.9587    0.9482    1.0000    0.9603    0.4351   -0.9807   -0.9807    0.9516   -0.7796   -0.7842   -0.4938   -0.1673    0.3057
log_c1         0.8880    0.9034    0.8632    0.8642    0.9603    1.0000    0.1666   -0.9718   -0.9718    0.8580   -0.7937   -0.7935   -0.4742   -0.2603    0.0477
log_c2         0.5396    0.4843    0.6022    0.5620    0.4351    0.1666    1.0000   -0.3297   -0.3297    0.5938   -0.1939   -0.2106   -0.2149    0.2489    0.9262
log_r         -0.9295   -0.9355   -0.9157   -0.9211   -0.9807   -0.9718   -0.3297    1.0000    1.0000   -0.9203    0.7923    0.7998    0.3867    0.1749   -0.2245
log_r_d       -0.9295   -0.9355   -0.9157   -0.9211   -0.9807   -0.9718   -0.3297    1.0000    1.0000   -0.9203    0.7923    0.7998    0.3867    0.1749   -0.2245
log_w          0.9629    0.9554    0.9653    0.9724    0.9516    0.8580    0.5938   -0.9203   -0.9203    1.0000   -0.6545   -0.6658   -0.4074   -0.0321    0.5284
log_pi_h      -0.8176   -0.8302   -0.7966   -0.7957   -0.7796   -0.7937   -0.1939    0.7923    0.7923   -0.6545    1.0000    0.9973    0.4886    0.0708   -0.0766
log_pi        -0.8229   -0.8350   -0.8025   -0.8039   -0.7842   -0.7935   -0.2106    0.7998    0.7998   -0.6658    0.9973    1.0000    0.4515    0.0637   -0.1017
log_tot       -0.5208   -0.5123   -0.5275   -0.4696   -0.4938   -0.4742   -0.2149    0.3867    0.3867   -0.4074    0.4886    0.4515    1.0000    0.1341    0.0141
log_d1         0.0121    0.0184    0.0044    0.0059   -0.1673   -0.2603    0.2489    0.1749    0.1749   -0.0321    0.0708    0.0637    0.1341    1.0000    0.3159
log_m2         0.4414    0.3980    0.4905    0.4865    0.3057    0.0477    0.9262   -0.2245   -0.2245    0.5284   -0.0766   -0.1017    0.0141    0.3159    1.0000



COEFFICIENTS OF AUTOCORRELATION (HP filter, lambda = 100)
Order             1        2        3        4        5
v            0.4636   0.0957  -0.1245  -0.2320  -0.2616
v1           0.4241   0.0714  -0.1264  -0.2189  -0.2418
v2           0.5087   0.1234  -0.1220  -0.2465  -0.2837
log_y        0.5114   0.1421  -0.1005  -0.2331  -0.2819
log_c        0.4040   0.0068  -0.1891  -0.2538  -0.2439
log_c1       0.2557  -0.0858  -0.1988  -0.2093  -0.1759
log_c2       0.5998   0.1436  -0.1532  -0.2945  -0.3270
log_r        0.3348  -0.0175  -0.1679  -0.2146  -0.2069
log_r_d      0.3348  -0.0175  -0.1679  -0.2146  -0.2069
log_w        0.4996   0.0922  -0.1441  -0.2521  -0.2762
log_pi_h     0.1458   0.0058  -0.0849  -0.1400  -0.1579
log_pi       0.1769   0.0121  -0.0911  -0.1494  -0.1670
log_tot      0.2215  -0.0928  -0.1810  -0.1834  -0.1545
log_d1       0.9073   0.6762   0.3789   0.0794  -0.1768
log_m2       0.5694   0.1247  -0.1524  -0.2817  -0.3104
Total computing time : 0h00m03s
