Starting Dynare (version 5.1).
Calling Dynare with arguments: none
Starting preprocessing of the model file ...
Found 60 equation(s).
Evaluating expressions...done
Computing static model derivatives (order 1).
Computing dynamic model derivatives (order 1).
Processing outputs ...
done
Preprocessing completed.


STEADY-STATE RESULTS:

a_a       		 1
a_z       		 1
a_g       		 0.3
a_y_star  		 1
a_r_star  		 1.0101
c         		 1.28545
h         		 0.87985
k         		 15.0576
i         		 0.37644
y_h       		 2.24602
v         		 -94.2409
lm1       		 0.492788
c1        		 1.34605
h1        		 0.843909
d1        		 18.822
d_f1      		 1.47302e-08
b1        		 2.5
b_f1      		 0.0625
l1        		 18.822
s1        		 0
tau1      		 0
v1        		 -86.9716
lm2       		 0.879389
c2        		 1.04306
h2        		 1.02361
m2        		 0.0822197
m_f2      		 0.0533229
cbdc2     		 0.489312
l2        		 1.18594
s2        		 5.87273e-06
tau2      		 -0.00431803
v2        		 -123.318
r_d       		 1.01252
r_df      		 1.0101
r_k       		 0.035101
w         		 1.21963
q         		 1
mc        		 0.713096
pi_h      		 1.0024
pi        		 1.0024
p_h       		 0.85581
s         		 1.30322
delta_e   		 1.0024
r         		 1.01252
tax       		 0.139549
t1        		 0.137122
t2        		 0.137122
log_y     		 0.809158
log_c     		 0.25111
log_c1    		 0.297174
log_c2    		 0.0421602
log_r     		 0.0124471
log_r_d   		 0.0124471
log_w     		 0.198545
log_pi_h  		 0.00239672
log_pi    		 0.00239672
log_tot   		 0.420544
log_l2    		 0.170538
log_m2    		 -2.6689
log_cbdc2 		 -0.885292

MODEL SUMMARY

  Number of variables:         60
  Number of stochastic shocks: 6
  Number of state variables:   15
  Number of jumpers:           12
  Number of static variables:  36


MATRIX OF COVARIANCE OF EXOGENOUS SHOCKS
Variables          eps_a       eps_z       eps_g  eps_y_star  eps_r_star       eps_m
eps_a           0.005055    0.000000    0.000000    0.000000    0.000000    0.000000
eps_z           0.000000    0.004816    0.000000    0.000000    0.000000    0.000000
eps_g           0.000000    0.000000    0.002500    0.000000    0.000000    0.000000
eps_y_star      0.000000    0.000000    0.000000    0.006209    0.000000    0.000000
eps_r_star      0.000000    0.000000    0.000000    0.000000    0.006384    0.000000
eps_m           0.000000    0.000000    0.000000    0.000000    0.000000    0.062500

POLICY AND TRANSITION FUNCTIONS
                               log_y           log_c          log_c1          log_c2           log_r         log_r_d           log_w        log_pi_h          log_pi         log_tot          log_l2          log_m2       log_cbdc2
Constant                    0.809158        0.251110        0.297174        0.042160        0.012447        0.012447        0.198545        0.002397        0.002397        0.420544        0.170538       -2.668897       -0.885292
a_a(-1)                     0.754371        0.699606        0.892260       -0.294857       -0.855429       -0.855429        0.735744       -0.490899       -0.404812        0.267119       -0.899251       61.838082       -5.196674
a_z(-1)                     0.012327       -0.069715       -0.001948       -0.419520       -0.001318       -0.001318       -0.007360       -0.004114       -0.003402        0.002208       -0.087574        0.866259       -0.154431
a_g(-1)                     0.099583       -0.182561       -0.160362       -0.297147        0.031986        0.031986        0.056305        0.106665        0.061057       -0.141518       -0.276933        1.805564        0.173802
a_y_star(-1)                0.007682        0.049923        0.039943        0.101438       -0.081561       -0.081561        0.137769        0.147197        0.084518       -0.194485        0.121361        0.557366        0.171299
a_r_star(-1)                0.016927       -0.065823       -0.048702       -0.154201        0.172462        0.172462       -0.052333       -0.018653       -0.001414        0.053490       -0.225506        9.185567       -0.613093
k(-1)                       0.015644        0.025792        0.030770        0.000097       -0.012086       -0.012086        0.021747       -0.008096       -0.006752        0.004169       -0.009848        1.125071       -0.085509
b1(-1)                      0.006940       -0.017681        0.031784       -0.273015       -0.036033       -0.036033       -0.015937       -0.015594       -0.012333        0.010119       -0.394344        3.918233       -1.043206
b_f1(-1)                   -0.083161        0.308442        0.300469        0.349602       -0.485573       -0.485573        0.238544        0.166209        0.075993       -0.279933        0.399641       -8.481994        0.430247
m2(-1)                     -0.003532        0.010459       -0.033169        0.235658        0.038994        0.038994        0.015056        0.015732        0.012389       -0.010373        0.343916       -3.513640        0.930817
m_f2(-1)                   -0.019003        0.070482        0.068660        0.079887       -0.110957       -0.110957        0.054509        0.037980        0.017365       -0.063967        0.091321       -1.938208        0.098315
cbdc2(-1)                  -0.006854        0.017463       -0.031390        0.269638        0.035587        0.035587        0.015740        0.015401        0.012181       -0.009994        0.389466       -3.869765        1.030301
r(-1)                       0.015305       -0.052061        0.079358       -0.730433       -0.089176       -0.089176       -0.067113       -0.118059       -0.110965        0.022011       -1.050557       10.246232       -2.752479
i(-1)                       0.099548       -0.239862       -0.275604       -0.055364        0.168679        0.168679       -0.022227        0.023086        0.018614       -0.013877        0.019332       -3.031252        0.642241
p_h(-1)                    -0.041994       -0.078661       -0.059196       -0.179137        0.078210        0.078210       -0.358043       -1.094239        0.053280       -0.065053       -0.195435       -0.777488       -0.140131
s(-1)                       0.014528        0.064446       -0.004728        0.421516       -0.000844       -0.000844        0.214698        0.617077        0.624736        0.023764        0.573863       -4.204781        1.309899
eps_a                      -0.838190       -0.777340       -0.991400        0.327619        0.950477        0.950477       -0.817494        0.545443        0.449791       -0.296798        0.999168      -68.708979        5.774083
eps_z                      -0.017081        0.096598        0.002699        0.581294        0.001827        0.001827        0.010197        0.005700        0.004714       -0.003059        0.121343       -1.200304        0.213982
eps_g                       0.037343       -0.068460       -0.060136       -0.111430        0.011995        0.011995        0.021115        0.040000        0.022896       -0.053069       -0.103850        0.677087        0.065176
eps_y_star                  0.012738        0.082777        0.066230        0.168194       -0.135236       -0.135236        0.228435        0.244067        0.140140       -0.322475        0.201228        0.924168        0.284030
eps_r_star                  0.041488       -0.159594       -0.126486       -0.330497        0.380634        0.380634       -0.126108       -0.054390       -0.011496        0.133097       -0.470342       18.251722       -1.202413
eps_m                      -0.003706       -0.017020        0.001785       -0.114089       -0.000422       -0.000422       -0.056220       -0.161103       -0.163043       -0.006020       -0.155711        1.157964       -0.357878


THEORETICAL MOMENTS (HP filter, lambda = 100)
VARIABLE          MEAN  STD. DEV.   VARIANCE
log_y           0.8092     0.0570     0.0033
log_c           0.2511     0.0533     0.0028
log_c1          0.2972     0.0633     0.0040
log_c2          0.0422     0.0994     0.0099
log_r           0.0124     0.0690     0.0048
log_r_d         0.0124     0.0690     0.0048
log_w           0.1985     0.0633     0.0040
log_pi_h        0.0024     0.0550     0.0030
log_pi          0.0024     0.0482     0.0023
log_tot         0.4205     0.0335     0.0011
log_l2          0.1705     0.1345     0.0181
log_m2         -2.6689     4.3323    18.7692
log_cbdc2      -0.8853     0.4391     0.1928



VARIANCE DECOMPOSITION (in percent) (HP filter, lambda = 100)
                  eps_a       eps_z       eps_g  eps_y_star  eps_r_star       eps_m
log_y             99.41        0.04        0.10        0.05        0.37        0.03
log_c             90.18        1.45        0.40        1.34        6.11        0.52
log_c1            95.94        0.00        0.20        0.56        3.27        0.02
log_c2            67.55       15.06        0.39        2.30        7.63        7.07
log_r             79.97        0.00        0.02        2.10       17.88        0.03
log_r_d           79.97        0.00        0.02        2.10       17.88        0.03
log_w             86.62        0.01        0.03        6.36        2.83        4.15
log_pi_h          35.97        0.01        0.17       15.46        2.84       45.55
log_pi            30.92        0.00        0.09        7.23        0.87       60.89
log_tot           31.63        0.01        0.51       54.84       12.80        0.20
log_l2            81.35        0.45        0.23        2.10        8.60        7.27
log_m2            89.10        0.04        0.02        0.16       10.25        0.42
log_cbdc2         89.58        0.15        0.03        0.84        5.69        3.71



MATRIX OF CORRELATIONS (HP filter, lambda = 100)
Variables        log_y      log_c     log_c1     log_c2      log_r    log_r_d      log_w   log_pi_h     log_pi    log_tot     log_l2     log_m2  log_cbdc2
log_y           1.0000     0.8694     0.8045     0.2278    -0.7090    -0.7090     0.9166    -0.3992    -0.3901     0.5627     0.0143     0.8848    -0.4185
log_c           0.8694     1.0000     0.9539     0.1682    -0.9401    -0.9401     0.9235    -0.3755    -0.3757     0.3011    -0.1064     0.8008    -0.5329
log_c1          0.8045     0.9539     1.0000    -0.1353    -0.9571    -0.9571     0.8154    -0.5001    -0.4919     0.3232    -0.3855     0.8605    -0.7497
log_c2          0.2278     0.1682    -0.1353     1.0000     0.0401     0.0401     0.3704     0.4027     0.3751    -0.0675     0.9151    -0.1828     0.7033
log_r          -0.7090    -0.9401    -0.9571     0.0401     1.0000     1.0000    -0.7990     0.4213     0.4313    -0.1328     0.2628    -0.6896     0.6147
log_r_d        -0.7090    -0.9401    -0.9571     0.0401     1.0000     1.0000    -0.7990     0.4213     0.4313    -0.1328     0.2628    -0.6896     0.6147
log_w           0.9166     0.9235     0.8154     0.3704    -0.7990    -0.7990     1.0000    -0.1319    -0.1464     0.2685     0.1586     0.7478    -0.2964
log_pi_h       -0.3992    -0.3755    -0.5001     0.4027     0.4213     0.4213    -0.1319     1.0000     0.9814    -0.3824     0.5326    -0.5414     0.6227
log_pi         -0.3901    -0.3757    -0.4919     0.3751     0.4313     0.4313    -0.1464     0.9814     1.0000    -0.2970     0.5008    -0.5163     0.5923
log_tot         0.5627     0.3011     0.3232    -0.0675    -0.1328    -0.1328     0.2685    -0.3824    -0.2970     1.0000    -0.1789     0.5756    -0.3448
log_l2          0.0143    -0.1064    -0.3855     0.9151     0.2628     0.2628     0.1586     0.5326     0.5008    -0.1789     1.0000    -0.4188     0.8914
log_m2          0.8848     0.8008     0.8605    -0.1828    -0.6896    -0.6896     0.7478    -0.5414    -0.5163     0.5756    -0.4188     1.0000    -0.7592
log_cbdc2      -0.4185    -0.5329    -0.7497     0.7033     0.6147     0.6147    -0.2964     0.6227     0.5923    -0.3448     0.8914    -0.7592     1.0000



COEFFICIENTS OF AUTOCORRELATION (HP filter, lambda = 100)
Order              1        2        3        4        5
log_y         0.5067   0.1403  -0.0936  -0.2245  -0.2763
log_c         0.3600  -0.0298  -0.2073  -0.2512  -0.2249
log_c1        0.2184  -0.1057  -0.2057  -0.2034  -0.1607
log_c2        0.3976   0.0032  -0.1877  -0.2483  -0.2369
log_r         0.2256  -0.1009  -0.2044  -0.2047  -0.1636
log_r_d       0.2256  -0.1009  -0.2044  -0.2047  -0.1636
log_w         0.4727   0.0579  -0.1594  -0.2497  -0.2618
log_pi_h     -0.1322  -0.1203  -0.0960  -0.0780  -0.0594
log_pi       -0.1177  -0.1177  -0.1001  -0.0828  -0.0634
log_tot       0.3771   0.0321  -0.1390  -0.2115  -0.2242
log_l2        0.2483  -0.0870  -0.1953  -0.2012  -0.1664
log_m2        0.2239  -0.0563  -0.1471  -0.1656  -0.1541
log_cbdc2     0.0716  -0.1830  -0.1961  -0.1441  -0.0875
Total computing time : 0h00m03s
