Starting Dynare (version 5.1).
Calling Dynare with arguments: none
Starting preprocessing of the model file ...
Found 61 equation(s).
Evaluating expressions...done
Computing static model derivatives (order 1).
Computing dynamic model derivatives (order 1).
Processing outputs ...
done
Preprocessing completed.


STEADY-STATE RESULTS:

a_a       		 1
a_z       		 1
a_g       		 0.3
a_y_star  		 1
a_r_star  		 1.0101
c         		 1.27772
h         		 0.88191
k         		 15.0507
i         		 0.376267
y_h       		 2.2492
v         		 -95.2729
lm1       		 0.492265
c1        		 1.34676
h1        		 0.842824
d1        		 10.6341
d_f1      		 6.25
b1        		 2.5
b_f1      		 0.0625
l1        		 18.8133
s1        		 0
tau1      		 0
v1        		 -86.8671
lm2       		 0.920239
c2        		 1.00155
h2        		 1.03826
m2        		 0.340992
m_f2      		 0.158064
cbdc2     		 0
l2        		 1.07902
s2        		 0.00207744
tau2      		 0.0812403
v2        		 -128.896
r_d       		 1.03943
r_df      		 1.0101
r_k       		 0.035101
w         		 1.21622
q         		 1
mc        		 0.71176
pi_h      		 1.02903
pi        		 1.02903
p_h       		 0.854116
s         		 1.30868
delta_e   		 1.02903
r         		 1.03943
tax       		 0.129289
t1        		 0.145223
t2        		 0.145223
log_y     		 0.652885
log_c     		 0.245078
log_c1    		 0.297705
log_c2    		 0.00154671
log_r     		 0.0386713
log_r_d   		 0.0386713
log_w     		 0.195747
log_pi_h  		 0.028621
log_pi    		 0.028621
log_tot   		 0.426705
log_d1    		 2.36407
log_m2    		 -1.0759
log_cbdc2 		 0
log_m_f2  		 -1.84476

MODEL SUMMARY

  Number of variables:         61
  Number of stochastic shocks: 6
  Number of state variables:   14
  Number of jumpers:           12
  Number of static variables:  38


MATRIX OF COVARIANCE OF EXOGENOUS SHOCKS
Variables          eps_a       eps_z       eps_g  eps_y_star  eps_r_star       eps_m
eps_a           0.005055    0.000000    0.000000    0.000000    0.000000    0.000000
eps_z           0.000000    0.004816    0.000000    0.000000    0.000000    0.000000
eps_g           0.000000    0.000000    0.002500    0.000000    0.000000    0.000000
eps_y_star      0.000000    0.000000    0.000000    0.006209    0.000000    0.000000
eps_r_star      0.000000    0.000000    0.000000    0.000000    0.006384    0.000000
eps_m           0.000000    0.000000    0.000000    0.000000    0.000000    0.062500

POLICY AND TRANSITION FUNCTIONS
                                   v              v1              v2           log_y           log_c          log_c1          log_c2           log_r         log_r_d           log_w        log_pi_h          log_pi         log_tot          log_d1          log_m2       log_cbdc2        log_m_f2
Constant                  -95.272898      -86.867084     -128.896154        0.652885        0.245078        0.297705        0.001547        0.038671        0.038671        0.195747        0.028621        0.028621        0.426705        2.364067       -1.075898               0       -1.844757
a_a(-1)                     9.264887        6.920007       18.644406        0.661433        0.613053        0.738814       -0.063383       -1.128378       -1.128378        0.686525       -0.899731       -0.781094        0.369660       -0.142417        0.683416               0       -2.051005
a_z(-1)                    -0.391698        0.009386       -1.996035        0.012100       -0.069664       -0.000836       -0.439870       -0.005847       -0.005847       -0.010412       -0.013045       -0.011576        0.004577       -0.002370       -0.138858               0       -0.044384
a_g(-1)                    -1.953126       -1.260715       -4.722771        0.145168       -0.209135       -0.176600       -0.384134        0.016043        0.016043        0.007195       -0.061821       -0.103575       -0.130102        0.056103       -0.196006               0       -0.506374
a_y_star(-1)                0.202965        0.135509        0.472792        0.069680        0.043111        0.047664        0.018619       -0.090021       -0.090021        0.099379        0.017308       -0.049508       -0.208191        0.111690       -0.000063               0        0.153137
a_r_star(-1)                0.102119        0.111192        0.065826        0.003520       -0.026452       -0.033234        0.010026        0.130129        0.130129       -0.009384        0.008696        0.016132        0.023171       -0.011651        0.290240               0       -0.287827
k(-1)                       0.630897        0.578678        0.839772        0.014147        0.023394        0.026933        0.004359       -0.016464       -0.016464        0.020077       -0.017490       -0.015304        0.006811        0.110820        0.026398               0       -0.040410
b1(-1)                     -0.047857        0.085244       -0.580262        0.004760       -0.023434        0.044046       -0.386390       -0.064667       -0.064667       -0.020816       -0.020594       -0.016270        0.013474       -0.004979       -1.013910               0        0.076098
b_f1(-1)                    0.883753        0.579023        2.102676       -0.005309        0.378206        0.437875        0.057263       -0.801053       -0.801053        0.215022        0.032475       -0.086965       -0.372162        0.211916       -1.255297               0        1.510414
m2(-1)                      0.024045       -0.082401        0.449825       -0.003910        0.012776       -0.045125        0.324214        0.069159        0.069159        0.013572        0.016739        0.015294       -0.004503        0.000297        0.876589               0       -0.091819
m_f2(-1)                    0.255316        0.037417        1.126912       -0.006515        0.112553        0.051037        0.443432       -0.111089       -0.111089        0.072336        0.030360       -0.001759       -0.100079        0.053987        0.842297               0        0.260509
r(-1)                      -0.127663        0.224073       -1.534603        0.008898       -0.065179        0.111646       -1.016273       -0.162032       -0.162032       -0.082336       -0.128786       -0.118293        0.032696       -0.011815       -2.660844               0        0.200707
i(-1)                       0.030098        0.094068       -0.225784        0.103419       -0.265180       -0.297960       -0.088869        0.168882        0.168882       -0.049581       -0.060541       -0.058689        0.005770        0.070107        0.259526               0       -0.392369
p_h(-1)                    -0.052907        0.061542       -0.510703       -0.049625       -0.065248       -0.027536       -0.268094        0.066764        0.066764       -0.415734       -1.103801        0.056267       -0.033447        0.016805       -0.627470               0        0.072104
s(-1)                       0.015529       -0.017467        0.147512        0.004680        0.011715       -0.002143        0.086258       -0.000205       -0.000205        0.048951        0.123201        0.123363        0.000506       -0.000441        0.213744               0       -0.014397
eps_a                     -10.294318       -7.688896      -20.716007       -0.734925       -0.681170       -0.820904        0.070426        1.253753        1.253753       -0.762805        0.999701        0.867882       -0.410734        0.158242       -0.759352               0        2.278895
eps_z                       0.542744       -0.013006        2.765741       -0.016765        0.096527        0.001158        0.609492        0.008102        0.008102        0.014427        0.018075        0.016039       -0.006342        0.003284        0.192404               0        0.061499
eps_g                      -0.732422       -0.472768       -1.771039        0.054438       -0.078426       -0.066225       -0.144050        0.006016        0.006016        0.002698       -0.023183       -0.038841       -0.048788        0.021038       -0.073502               0       -0.189890
eps_y_star                  0.336537        0.224687        0.783936        0.115536        0.071482        0.079032        0.030872       -0.149263       -0.149263        0.164780        0.028699       -0.082088       -0.345202        0.185194       -0.000105               0        0.253916
eps_r_star                  0.089162        0.141656       -0.120816        0.007234       -0.093705       -0.113392        0.012186        0.337755        0.337755       -0.042646        0.012568        0.040437        0.086835       -0.046545        0.691529               0       -0.716664
eps_m                      -0.026106        0.039596       -0.288911       -0.005303       -0.018326        0.011868       -0.180734       -0.013510       -0.013510       -0.067083       -0.164758       -0.164567        0.000597        0.000334       -0.461966               0        0.036753


THEORETICAL MOMENTS (HP filter, lambda = 100)
VARIABLE          MEAN  STD. DEV.   VARIANCE
v             -95.2729     0.6706     0.4497
v1            -86.8671     0.4828     0.2331
v2           -128.8962     1.4374     2.0660
log_y           0.6529     0.0505     0.0025
log_c           0.2451     0.0479     0.0023
log_c1          0.2977     0.0527     0.0028
log_c2          0.0015     0.1083     0.0117
log_r           0.0387     0.0846     0.0072
log_r_d         0.0387     0.0846     0.0072
log_w           0.1957     0.0593     0.0035
log_pi_h        0.0286     0.0709     0.0050
log_pi          0.0286     0.0657     0.0043
log_tot         0.4267     0.0373     0.0014
log_d1          2.3641     0.0231     0.0005
log_m2         -1.0759     0.3069     0.0942
log_cbdc2       0.0000     0.0000     0.0000
log_m_f2       -1.8448     0.1736     0.0301



VARIANCE DECOMPOSITION (in percent) (HP filter, lambda = 100)
                  eps_a       eps_z       eps_g  eps_y_star  eps_r_star       eps_m
v                 99.28        0.28        0.25        0.13        0.04        0.01
v1                99.57        0.00        0.19        0.09        0.12        0.03
v2                97.57        1.60        0.34        0.20        0.07        0.22
log_y             96.92        0.05        0.26        2.69        0.01        0.07
log_c             92.45        1.76        0.61        1.40        3.00        0.78
log_c1            93.49        0.00        0.34        1.22        4.65        0.31
log_c2            65.18       13.83        0.51        1.02        4.78       14.68
log_r             87.84        0.00        0.00        1.74       10.21        0.19
log_r_d           87.84        0.00        0.00        1.74       10.21        0.19
log_w             88.74        0.03        0.01        3.81        0.50        6.91
log_pi_h          69.46        0.03        0.06        1.56        0.05       28.84
log_pi            65.04        0.02        0.09        1.00        0.36       33.48
log_tot           45.15        0.02        0.33       49.27        5.21        0.02
log_d1            60.44        0.01        0.37       34.60        4.53        0.05
log_m2            80.14        0.20        0.05        0.56        7.07       11.97
log_cbdc2           NaN         NaN         NaN         NaN         NaN         NaN
log_m_f2          87.91        0.05        0.29        1.40       10.10        0.26



MATRIX OF CORRELATIONS (HP filter, lambda = 100)
Variables           v        v1        v2     log_y     log_c    log_c1    log_c2     log_r   log_r_d     log_w  log_pi_h    log_pi   log_tot    log_d1    log_m2  log_m_f2
v              1.0000    0.9965    0.9937    0.9814    0.9469    0.8709    0.3962   -0.8977   -0.8977    0.9387   -0.7826   -0.7840    0.6335   -0.5239    0.5564   -0.9101
v1             0.9965    1.0000    0.9807    0.9793    0.9341    0.8834    0.3273   -0.9023   -0.9023    0.9224   -0.8072   -0.8059    0.6446   -0.5269    0.5108   -0.9090
v2             0.9937    0.9807    1.0000    0.9733    0.9536    0.8444    0.4845   -0.8817   -0.8817    0.9503   -0.7407   -0.7460    0.6115   -0.5141    0.6115   -0.9014
log_y          0.9814    0.9793    0.9733    1.0000    0.9237    0.8457    0.3968   -0.8887   -0.8887    0.9571   -0.7589   -0.7761    0.5317   -0.4416    0.5830   -0.9023
log_c          0.9469    0.9341    0.9536    0.9237    1.0000    0.9352    0.3780   -0.9568   -0.9568    0.9356   -0.7137   -0.7171    0.4926   -0.5047    0.4529   -0.7581
log_c1         0.8709    0.8834    0.8444    0.8457    0.9352    1.0000    0.0257   -0.9747   -0.9747    0.8049   -0.8010   -0.7888    0.4781   -0.5381    0.1407   -0.6501
log_c2         0.3962    0.3273    0.4845    0.3968    0.3780    0.0257    1.0000   -0.1529   -0.1529    0.5369    0.0793    0.0381    0.1405   -0.0179    0.9107   -0.4404
log_r         -0.8977   -0.9023   -0.8817   -0.8887   -0.9568   -0.9747   -0.1529    1.0000    1.0000   -0.8612    0.7863    0.7911   -0.4423    0.4667   -0.2573    0.6642
log_r_d       -0.8977   -0.9023   -0.8817   -0.8887   -0.9568   -0.9747   -0.1529    1.0000    1.0000   -0.8612    0.7863    0.7911   -0.4423    0.4667   -0.2573    0.6642
log_w          0.9387    0.9224    0.9503    0.9571    0.9356    0.8049    0.5369   -0.8612   -0.8612    1.0000   -0.5653   -0.5899    0.4502   -0.3908    0.6692   -0.8355
log_pi_h      -0.7826   -0.8072   -0.7407   -0.7589   -0.7137   -0.8010    0.0793    0.7863    0.7863   -0.5653    1.0000    0.9827   -0.5377    0.4995   -0.0923    0.6716
log_pi        -0.7840   -0.8059   -0.7460   -0.7761   -0.7171   -0.7888    0.0381    0.7911    0.7911   -0.5899    0.9827    1.0000   -0.4605    0.4193   -0.1273    0.6603
log_tot        0.6335    0.6446    0.6115    0.5317    0.4926    0.4781    0.1405   -0.4423   -0.4423    0.4502   -0.5377   -0.4605    1.0000   -0.8418    0.3242   -0.7529
log_d1        -0.5239   -0.5269   -0.5141   -0.4416   -0.5047   -0.5381   -0.0179    0.4667    0.4667   -0.3908    0.4995    0.4193   -0.8418    1.0000   -0.1545    0.5928
log_m2         0.5564    0.5108    0.6115    0.5830    0.4529    0.1407    0.9107   -0.2573   -0.2573    0.6692   -0.0923   -0.1273    0.3242   -0.1545    1.0000   -0.6783
log_m_f2      -0.9101   -0.9090   -0.9014   -0.9023   -0.7581   -0.6501   -0.4404    0.6642    0.6642   -0.8355    0.6716    0.6603   -0.7529    0.5928   -0.6783    1.0000



COEFFICIENTS OF AUTOCORRELATION (HP filter, lambda = 100)
Order             1        2        3        4        5
v            0.4600   0.0853  -0.1326  -0.2341  -0.2585
v1           0.4174   0.0677  -0.1265  -0.2169  -0.2390
v2           0.5116   0.1061  -0.1401  -0.2549  -0.2819
log_y        0.4948   0.1283  -0.1040  -0.2293  -0.2744
log_c        0.4294  -0.0126  -0.2160  -0.2679  -0.2445
log_c1       0.2259  -0.1024  -0.1961  -0.1957  -0.1604
log_c2       0.3702  -0.0168  -0.1839  -0.2316  -0.2194
log_r        0.2883  -0.0509  -0.1727  -0.1991  -0.1833
log_r_d      0.2883  -0.0509  -0.1727  -0.1991  -0.1833
log_w        0.4931   0.0701  -0.1572  -0.2530  -0.2687
log_pi_h     0.0984  -0.0094  -0.0924  -0.1366  -0.1448
log_pi       0.1603  -0.0035  -0.1006  -0.1489  -0.1593
log_tot      0.3421   0.0209  -0.1391  -0.2089  -0.2192
log_d1       0.5162   0.2011  -0.0077  -0.1434  -0.2202
log_m2       0.4919   0.0840  -0.1521  -0.2560  -0.2750
log_m_f2     0.5012   0.1632  -0.0762  -0.2209  -0.2826
Total computing time : 0h00m03s
