Starting Dynare (version 5.1).
Calling Dynare with arguments: none
Starting preprocessing of the model file ...
Found 57 equation(s).
Evaluating expressions...done
Computing static model derivatives (order 1).
Computing dynamic model derivatives (order 1).
Processing outputs ...
done
Preprocessing completed.


STEADY-STATE RESULTS:

a_a       		 1
a_z       		 1
a_g       		 0.3
a_y_star  		 1
a_r_star  		 1.0101
c         		 1.51711
h         		 0.842287
k         		 17.6383
i         		 0.440958
y_h       		 2.29821
v         		 -79.833
lm1       		 0.352299
c1        		 1.59197
h1        		 0.807104
d1        		 22.0479
b1        		 2.5
b_f1      		 0.0625
l1        		 22.0479
s1        		 0
tau1      		 0
v1        		 -73.4237
lm2       		 0.636518
c2        		 1.21765
h2        		 0.983021
m2        		 0.20441
cbdc2     		 0.51495
l2        		 1.36824
s2        		 6.50942e-05
tau2      		 0.0143761
v2        		 -105.47
r_d       		 1.04298
r_k       		 0.035101
w         		 1.49237
q         		 1
mc        		 0.816345
pi_h      		 1.03255
pi        		 1.03255
p_h       		 0.979604
s         		 1.2306
delta_e   		 1.03255
r         		 1.04298
tax       		 0.163828
t1        		 0.151839
t2        		 0.151839
log_y     		 0.811522
log_c     		 0.416806
log_c1    		 0.464974
log_c2    		 0.196923
log_r     		 0.0420799
log_r_d   		 0.0420799
log_w     		 0.400368
log_pi_h  		 0.0320295
log_pi    		 0.0320295
log_tot   		 -0.228112
log_d1    		 3.09322
log_m2    		 -1.58763
log_cbdc2 		 -0.663686

MODEL SUMMARY

  Number of variables:         57
  Number of stochastic shocks: 6
  Number of state variables:   14
  Number of jumpers:           12
  Number of static variables:  34


MATRIX OF COVARIANCE OF EXOGENOUS SHOCKS
Variables          eps_a       eps_z       eps_g  eps_y_star  eps_r_star       eps_m
eps_a           0.005055    0.000000    0.000000    0.000000    0.000000    0.000000
eps_z           0.000000    0.004816    0.000000    0.000000    0.000000    0.000000
eps_g           0.000000    0.000000    0.002500    0.000000    0.000000    0.000000
eps_y_star      0.000000    0.000000    0.000000    0.006209    0.000000    0.000000
eps_r_star      0.000000    0.000000    0.000000    0.000000    0.006384    0.000000
eps_m           0.000000    0.000000    0.000000    0.000000    0.000000    0.062500

POLICY AND TRANSITION FUNCTIONS
                                   v              v1              v2           log_y           log_c          log_c1          log_c2           log_r         log_r_d           log_w        log_pi_h          log_pi         log_tot          log_d1          log_m2       log_cbdc2
Constant                  -79.833037      -73.423745     -105.470206        0.811522        0.416806        0.464974        0.196923        0.042080        0.042080        0.400368        0.032030        0.032030       -0.228112        3.093217       -1.587626       -0.663686
a_a(-1)                     8.889959        6.813376       17.196293        0.735302        0.683120        0.776380        0.195403       -1.163667       -1.163667        0.776660       -0.926210       -0.884775       -0.509903        0.030657        1.886509       -1.141139
a_z(-1)                    -0.016089        0.251600       -1.086845        0.019143       -0.014554        0.054058       -0.373366       -0.061323       -0.061323        0.042121        0.029566        0.010242        0.237813        0.002122        0.104476       -0.122694
a_g(-1)                    -1.764893       -1.187304       -4.075249        0.118511       -0.235816       -0.211735       -0.361751        0.083115        0.083115       -0.026315       -0.049802       -0.061973        0.149773       -0.007716       -0.683982       -0.107081
a_y_star(-1)                0.042584        0.024933        0.113188        0.017004        0.009279        0.006684        0.022850       -0.018972       -0.018972        0.031255        0.023477        0.009328        0.174112        0.000295       -0.065139        0.092391
a_r_star(-1)                0.077662        0.080984        0.064375        0.000809       -0.020847       -0.022572       -0.011831        0.106078        0.106078       -0.015114        0.001771        0.007053       -0.064996        0.000229       -0.092965        0.052292
k(-1)                       0.481305        0.443102        0.634118        0.013465        0.020855        0.023406        0.007514       -0.014308       -0.014308        0.018828       -0.015157       -0.014619       -0.006620        0.055190        0.025795       -0.006934
b1(-1)                     -0.028519        0.062052       -0.390803        0.003295       -0.010989        0.034797       -0.250436       -0.050581       -0.050581       -0.012428       -0.015325       -0.013886       -0.017703        0.000933        0.825942       -1.101136
b_f1(-1)                    0.631766        0.417537        1.488682        0.021463        0.319810        0.332873        0.251494       -0.679766       -0.679766        0.272431        0.164049        0.061693        1.259595        0.007902        0.498922        0.055942
m2(-1)                      0.027473       -0.050063        0.337620        0.000733        0.009919       -0.029074        0.213843        0.041382        0.041382        0.016395        0.016794        0.013151        0.044833       -0.000755       -0.714735        0.947731
cbdc2(-1)                   0.027344       -0.059495        0.374699       -0.003159        0.010537       -0.033363        0.240116        0.048497        0.048497        0.011916        0.014694        0.013314        0.016974       -0.000894       -0.791907        1.055762
r(-1)                      -0.075541        0.161160       -1.022344        0.004412       -0.032616        0.085970       -0.652782       -0.122842       -0.122842       -0.060568       -0.113894       -0.110481       -0.042003        0.002336        2.127201       -2.849902
i(-1)                       0.108585        0.111481        0.097000        0.099177       -0.234003       -0.262279       -0.086129        0.155848        0.155848       -0.030688       -0.045172       -0.049159        0.049067        0.035204       -0.610464        0.328271
p_h(-1)                    -0.039081        0.042068       -0.363680       -0.051432       -0.059729       -0.032456       -0.202357        0.074509        0.074509       -0.371192       -0.957946        0.060241        0.032414       -0.000466        0.341223       -0.631969
s(-1)                       0.012174       -0.021056        0.145092        0.005908        0.010636       -0.004344        0.088975        0.002713        0.002713        0.052170        0.130792        0.130852       -0.000731       -0.000171       -0.249908        0.356807
eps_a                      -9.877732       -7.570417      -19.106992       -0.817003       -0.759023       -0.862645       -0.217114        1.292963        1.292963       -0.862956        1.029122        0.983083        0.566559       -0.034064       -2.096121        1.267933
eps_z                       0.022294       -0.348621        1.505952       -0.026525        0.020166       -0.074903        0.517343        0.084971        0.084971       -0.058364       -0.040968       -0.014191       -0.329518       -0.002940       -0.144763        0.170007
eps_g                      -0.661835       -0.445239       -1.528218        0.044442       -0.088431       -0.079401       -0.135657        0.031168        0.031168       -0.009868       -0.018676       -0.023240        0.056165       -0.002893       -0.256493       -0.040155
eps_y_star                  0.070609        0.041341        0.187678        0.028195        0.015386        0.011083        0.037888       -0.031457       -0.031457        0.051823        0.038927        0.015467        0.288696        0.000490       -0.108007        0.153194
eps_r_star                  0.072499        0.103658       -0.052134       -0.000975       -0.076379       -0.081139       -0.051486        0.278443        0.278443       -0.060093       -0.015749        0.006082       -0.268659       -0.000489       -0.232763        0.091783
eps_m                      -0.014981        0.025912       -0.178551       -0.007270       -0.013088        0.005346       -0.109493       -0.003339       -0.003339       -0.064201       -0.160953       -0.161027        0.000900        0.000210        0.307538       -0.439088


THEORETICAL MOMENTS (HP filter, lambda = 100)
VARIABLE          MEAN  STD. DEV.   VARIANCE
v             -79.8330     0.6403     0.4100
v1            -73.4237     0.4776     0.2281
v2           -105.4702     1.3022     1.6956
log_y           0.8115     0.0557     0.0031
log_c           0.4168     0.0502     0.0025
log_c1          0.4650     0.0546     0.0030
log_c2          0.1969     0.0844     0.0071
log_r           0.0421     0.0855     0.0073
log_r_d         0.0421     0.0855     0.0073
log_w           0.4004     0.0637     0.0041
log_pi_h        0.0320     0.0722     0.0052
log_pi          0.0320     0.0703     0.0049
log_tot        -0.2281     0.0528     0.0028
log_d1          3.0932     0.0078     0.0001
log_m2         -1.5876     0.2441     0.0596
log_cbdc2      -0.6637     0.3076     0.0946



VARIANCE DECOMPOSITION (in percent) (HP filter, lambda = 100)
                  eps_a       eps_z       eps_g  eps_y_star  eps_r_star       eps_m
v                 99.74        0.01        0.22        0.01        0.02        0.00
v1                99.56        0.20        0.17        0.00        0.06        0.01
v2                98.96        0.60        0.31        0.01        0.02        0.10
log_y             99.52        0.09        0.14        0.13        0.01        0.10
log_c             97.06        0.10        0.67        0.06        1.77        0.35
log_c1            96.52        0.78        0.43        0.03        2.17        0.08
log_c2            72.63       15.86        0.81        0.12        1.71        8.87
log_r             92.75        0.45        0.03        0.09        6.64        0.04
log_r_d           92.75        0.45        0.03        0.09        6.64        0.04
log_w             93.17        0.30        0.01        0.32        0.77        5.43
log_pi_h          72.31        0.35        0.04        0.37        0.40       26.52
log_pi            71.60        0.14        0.04        0.14        0.10       27.98
log_tot           37.76       18.96        0.20       17.44       25.63        0.01
log_d1            98.64        0.66        0.33        0.03        0.31        0.03
log_m2            87.39        0.15        0.25        0.12        3.54        8.55
log_cbdc2         85.85        0.12        0.16        0.15        2.87       10.86



MATRIX OF CORRELATIONS (HP filter, lambda = 100)
Variables            v         v1         v2      log_y      log_c     log_c1     log_c2      log_r    log_r_d      log_w   log_pi_h     log_pi    log_tot     log_d1     log_m2  log_cbdc2
v               1.0000     0.9977     0.9950     0.9929     0.9603     0.8926     0.5369    -0.9295    -0.9295     0.9589    -0.8152    -0.8211    -0.5434     0.0098     0.1131     0.1917
v1              0.9977     1.0000     0.9860     0.9897     0.9582     0.9059     0.4845    -0.9349    -0.9349     0.9513    -0.8279    -0.8336    -0.5339     0.0158     0.1522     0.1505
v2              0.9950     0.9860     1.0000     0.9892     0.9553     0.8657     0.6093    -0.9139    -0.9139     0.9621    -0.7897    -0.7959    -0.5529     0.0010     0.0548     0.2506
log_y           0.9929     0.9897     0.9892     1.0000     0.9457     0.8707     0.5570    -0.9217    -0.9217     0.9701    -0.7912    -0.7999    -0.4969    -0.0018     0.0575     0.2430
log_c           0.9603     0.9582     0.9553     0.9457     1.0000     0.9642     0.4420    -0.9803    -0.9803     0.9450    -0.7773    -0.7822    -0.4989    -0.1782     0.2771     0.0381
log_c1          0.8926     0.9059     0.8657     0.8707     0.9642     1.0000     0.1882    -0.9734    -0.9734     0.8552    -0.8009    -0.8020    -0.4699    -0.2593     0.5008    -0.2056
log_c2          0.5369     0.4845     0.6093     0.5570     0.4420     0.1882     1.0000    -0.3379    -0.3379     0.6070    -0.1695    -0.1839    -0.2580     0.2170    -0.6678     0.8363
log_r          -0.9295    -0.9349    -0.9139    -0.9217    -0.9803    -0.9734    -0.3379     1.0000     1.0000    -0.9132     0.7975     0.8056     0.3941     0.1786    -0.3441     0.0376
log_r_d        -0.9295    -0.9349    -0.9139    -0.9217    -0.9803    -0.9734    -0.3379     1.0000     1.0000    -0.9132     0.7975     0.8056     0.3941     0.1786    -0.3441     0.0376
log_w           0.9589     0.9513     0.9621     0.9701     0.9450     0.8552     0.6070    -0.9132    -0.9132     1.0000    -0.6399    -0.6519    -0.4136    -0.0371    -0.0013     0.3085
log_pi_h       -0.8152    -0.8279    -0.7897    -0.7912    -0.7773    -0.8009    -0.1695     0.7975     0.7975    -0.6399     1.0000     0.9975     0.5284     0.0770    -0.3987     0.1701
log_pi         -0.8211    -0.8336    -0.7959    -0.7999    -0.7822    -0.8020    -0.1839     0.8056     0.8056    -0.6519     0.9975     1.0000     0.4943     0.0700    -0.3789     0.1476
log_tot        -0.5434    -0.5339    -0.5529    -0.4969    -0.4989    -0.4699    -0.2580     0.3941     0.3941    -0.4136     0.5284     0.4943     1.0000     0.0828    -0.2536     0.1121
log_d1          0.0098     0.0158     0.0010    -0.0018    -0.1782    -0.2593     0.2170     0.1786     0.1786    -0.0371     0.0770     0.0700     0.0828     1.0000    -0.4072     0.3596
log_m2          0.1131     0.1522     0.0548     0.0575     0.2771     0.5008    -0.6678    -0.3441    -0.3441    -0.0013    -0.3987    -0.3789    -0.2536    -0.4072     1.0000    -0.9489
log_cbdc2       0.1917     0.1505     0.2506     0.2430     0.0381    -0.2056     0.8363     0.0376     0.0376     0.3085     0.1701     0.1476     0.1121     0.3596    -0.9489     1.0000



COEFFICIENTS OF AUTOCORRELATION (HP filter, lambda = 100)
Order              1        2        3        4        5
v             0.4602   0.0932  -0.1254  -0.2314  -0.2599
v1            0.4258   0.0730  -0.1263  -0.2196  -0.2428
v2            0.5078   0.1211  -0.1240  -0.2474  -0.2833
log_y         0.5090   0.1339  -0.1041  -0.2321  -0.2785
log_c         0.3956   0.0028  -0.1912  -0.2537  -0.2415
log_c1        0.2569  -0.0789  -0.1975  -0.2116  -0.1790
log_c2        0.5728   0.1233  -0.1602  -0.2907  -0.3163
log_r         0.3318  -0.0138  -0.1675  -0.2160  -0.2081
log_r_d       0.3318  -0.0138  -0.1675  -0.2160  -0.2081
log_w         0.4974   0.0842  -0.1465  -0.2509  -0.2733
log_pi_h      0.1372   0.0121  -0.0866  -0.1427  -0.1588
log_pi        0.1699   0.0148  -0.0930  -0.1510  -0.1668
log_tot       0.2100  -0.0710  -0.1560  -0.1706  -0.1551
log_d1        0.9075   0.6769   0.3796   0.0799  -0.1766
log_m2        0.2185  -0.0842  -0.1731  -0.1798  -0.1548
log_cbdc2     0.3899   0.0183  -0.1627  -0.2297  -0.2309
Total computing time : 0h00m03s
