Starting Dynare (version 5.1).
Calling Dynare with arguments: none
Starting preprocessing of the model file ...
Found 60 equation(s).
Evaluating expressions...done
Computing static model derivatives (order 1).
Computing dynamic model derivatives (order 1).
Processing outputs ...
done
Preprocessing completed.


STEADY-STATE RESULTS:

a_a       		 1
a_z       		 1
a_g       		 0.3
a_y_star  		 1
a_r_star  		 1.0101
c         		 1.28218
h         		 0.87919
k         		 15.0485
i         		 0.376213
y_h       		 2.24444
v         		 -94.6757
lm1       		 0.489788
c1        		 1.35017
h1        		 0.842235
d1        		 18.8106
d_f1      		 0
b1        		 2.5
b_f1      		 0.0625
l1        		 18.8106
s1        		 0
tau1      		 0
v1        		 -86.6447
lm2       		 0.888039
c2        		 1.01023
h2        		 1.02701
m2        		 0.251974
m_f2      		 0
cbdc2     		 0.791428
l2        		 1.13162
s2        		 0.000117828
tau2      		 0.0193419
v2        		 -126.8
r_d       		 1.01264
r_df      		 1.0101
r_k       		 0.035101
w         		 1.21981
q         		 1
mc        		 0.713167
pi_h      		 1.00251
pi        		 1.00251
p_h       		 0.855894
s         		 1.30295
delta_e   		 1.00251
r         		 1.01264
tax       		 0.146573
t1        		 0.129875
t2        		 0.129875
log_y     		 0.808456
log_c     		 0.248561
log_c1    		 0.300227
log_c2    		 0.0101784
log_r     		 0.0125567
log_r_d   		 0.0125567
log_w     		 0.198693
log_pi_h  		 0.00250636
log_pi    		 0.00250636
log_tot   		 0.420237
log_l2    		 0.123652
log_m2    		 -1.50208
log_cbdc2 		 -0.357568

MODEL SUMMARY

  Number of variables:         60
  Number of stochastic shocks: 6
  Number of state variables:   14
  Number of jumpers:           12
  Number of static variables:  37


MATRIX OF COVARIANCE OF EXOGENOUS SHOCKS
Variables          eps_a       eps_z       eps_g  eps_y_star  eps_r_star       eps_m
eps_a           0.005055    0.000000    0.000000    0.000000    0.000000    0.000000
eps_z           0.000000    0.004816    0.000000    0.000000    0.000000    0.000000
eps_g           0.000000    0.000000    0.002500    0.000000    0.000000    0.000000
eps_y_star      0.000000    0.000000    0.000000    0.006209    0.000000    0.000000
eps_r_star      0.000000    0.000000    0.000000    0.000000    0.006384    0.000000
eps_m           0.000000    0.000000    0.000000    0.000000    0.000000    0.062500

POLICY AND TRANSITION FUNCTIONS
                               log_y           log_c          log_c1          log_c2           log_r         log_r_d           log_w        log_pi_h          log_pi         log_tot          log_l2          log_m2       log_cbdc2
Constant                    0.808456        0.248561        0.300227        0.010178        0.012557        0.012557        0.198693        0.002506        0.002506        0.420237        0.123652       -1.502081       -0.357568
a_a(-1)                     0.793870        0.547838        0.590890        0.317686       -0.332891       -0.332891        0.644998       -0.523741       -0.393792        0.403137        0.090472        1.719449       -0.631634
a_z(-1)                     0.012283       -0.068133       -0.005952       -0.400551        0.004524        0.004524       -0.007664       -0.003851       -0.002862        0.003070       -0.073944        0.123596       -0.045402
a_g(-1)                     0.101762       -0.188504       -0.182323       -0.221549        0.063906        0.063906        0.051781        0.105905        0.062499       -0.134657       -0.149701       -0.543712        0.199731
a_y_star(-1)                0.008967        0.048401        0.037463        0.106876       -0.069814       -0.069814        0.136620        0.147468        0.085346       -0.192717        0.144320       -0.283356        0.104090
a_r_star(-1)                0.023651       -0.081368       -0.088325       -0.044181        0.274067        0.274067       -0.059937       -0.014472        0.007270        0.067449       -0.010433       -0.255392        0.093817
k(-1)                       0.016410        0.022772        0.024895        0.011424       -0.002795       -0.002795        0.019847       -0.008998       -0.006755        0.006956        0.007761        0.027715       -0.010181
b1(-1)                      0.006577       -0.019763        0.026990       -0.269704       -0.023393       -0.023393       -0.014796       -0.013739       -0.010356        0.010493       -0.408635        1.051364       -0.386215
b_f1(-1)                   -0.089778        0.325800        0.348196        0.206070       -0.589516       -0.589516        0.247946        0.163055        0.067765       -0.295613        0.137461        0.519199       -0.190726
m2(-1)                     -0.003229        0.012283       -0.029045        0.233218        0.027571        0.027571        0.013997        0.014040        0.010595       -0.010688        0.356985       -0.936613        0.344062
cbdc2(-1)                  -0.006495        0.019517       -0.026653        0.266339        0.023101        0.023101        0.014611        0.013567        0.010227       -0.010362        0.403536       -1.038245        0.381396
r(-1)                       0.014038       -0.056790        0.065853       -0.712435       -0.056042       -0.056042       -0.063530       -0.112711       -0.105463        0.022486       -1.075399        2.746747       -1.009009
i(-1)                       0.098738       -0.239700       -0.276858       -0.041059        0.151654        0.151654       -0.023708        0.019691        0.015486       -0.013046        0.035553       -0.579760        0.212973
p_h(-1)                    -0.043481       -0.077484       -0.056702       -0.188586        0.063133        0.063133       -0.357779       -1.095223        0.051725       -0.066452       -0.229628        0.310589       -0.114094
s(-1)                       0.017094        0.062158        0.006056        0.362075       -0.013293       -0.013293        0.209858        0.612373        0.620936        0.026567        0.517292       -1.174609        0.431489
eps_a                      -0.882078       -0.608709       -0.656544       -0.352985        0.369879        0.369879       -0.716665        0.581935        0.437546       -0.447930       -0.100525       -1.910499        0.701815
eps_z                      -0.017019        0.094406        0.008247        0.555010       -0.006268       -0.006268        0.010620        0.005336        0.003965       -0.004253        0.102458       -0.171256        0.062910
eps_g                       0.038161       -0.070689       -0.068371       -0.083081        0.023965        0.023965        0.019418        0.039714        0.023437       -0.050496       -0.056138       -0.203892        0.074899
eps_y_star                  0.014868        0.080254        0.062118        0.177212       -0.115758       -0.115758        0.226530        0.244516        0.141512       -0.319545        0.239297       -0.469832        0.172591
eps_r_star                  0.054896       -0.190831       -0.206511       -0.107009        0.583700        0.583700       -0.141494       -0.046164        0.005784        0.161158       -0.035596       -0.540419        0.198521
eps_m                      -0.004454       -0.016198       -0.001578       -0.094353        0.003464        0.003464       -0.054687       -0.159578       -0.161809       -0.006923       -0.134801        0.306090       -0.112441


THEORETICAL MOMENTS (HP filter, lambda = 100)
VARIABLE          MEAN  STD. DEV.   VARIANCE
log_y           0.8085     0.0590     0.0035
log_c           0.2486     0.0451     0.0020
log_c1          0.3002     0.0470     0.0022
log_c2          0.0102     0.0756     0.0057
log_r           0.0126     0.0535     0.0029
log_r_d         0.0126     0.0535     0.0029
log_w           0.1987     0.0588     0.0035
log_pi_h        0.0025     0.0565     0.0032
log_pi          0.0025     0.0476     0.0023
log_tot         0.4202     0.0399     0.0016
log_l2          0.1237     0.0861     0.0074
log_m2         -1.5021     0.2287     0.0523
log_cbdc2      -0.3576     0.0840     0.0071



VARIANCE DECOMPOSITION (in percent) (HP filter, lambda = 100)
                  eps_a       eps_z       eps_g  eps_y_star  eps_r_star       eps_m
log_y             99.22        0.04        0.10        0.05        0.55        0.04
log_c             83.18        1.92        0.58        1.82       11.84        0.66
log_c1            82.84        0.01        0.47        0.98       15.66        0.04
log_c2            49.86       24.15        0.59        3.80       13.12        8.47
log_r             26.26        0.01        0.07        3.01       70.62        0.04
log_r_d           26.26        0.01        0.07        3.01       70.62        0.04
log_w             84.11        0.02        0.03        7.24        4.05        4.54
log_pi_h          40.14        0.00        0.16       14.68        2.72       42.29
log_pi            30.18        0.00        0.09        7.55        0.76       61.42
log_tot           48.27        0.01        0.32       38.18       13.03        0.19
log_l2            55.61        1.07        0.52        5.62       23.67       13.50
log_m2            54.84        0.60        0.35        3.59       30.43       10.20
log_cbdc2         54.84        0.60        0.35        3.59       30.43       10.20



MATRIX OF CORRELATIONS (HP filter, lambda = 100)
Variables        log_y      log_c     log_c1     log_c2      log_r    log_r_d      log_w   log_pi_h     log_pi    log_tot     log_l2     log_m2  log_cbdc2
log_y           1.0000     0.8630     0.8260     0.5246    -0.4242    -0.4242     0.8945    -0.3957    -0.3767     0.7012     0.3832     0.2407    -0.2407
log_c           0.8630     1.0000     0.9689     0.5688    -0.7782    -0.7782     0.9295    -0.2981    -0.3052     0.4232     0.3206     0.3674    -0.3674
log_c1          0.8260     0.9689     1.0000     0.3475    -0.7868    -0.7868     0.8654    -0.3764    -0.3867     0.4286     0.1026     0.5664    -0.5664
log_c2          0.5246     0.5688     0.3475     1.0000    -0.3335    -0.3335     0.6455     0.1214     0.1287     0.1790     0.8732    -0.4898     0.4898
log_r          -0.4242    -0.7782    -0.7868    -0.3335     1.0000     1.0000    -0.6564     0.1209     0.1813     0.0602    -0.1636    -0.3602     0.3602
log_r_d        -0.4242    -0.7782    -0.7868    -0.3335     1.0000     1.0000    -0.6564     0.1209     0.1813     0.0602    -0.1636    -0.3602     0.3602
log_w           0.8945     0.9295     0.8654     0.6455    -0.6564    -0.6564     1.0000    -0.0681    -0.0846     0.3868     0.5136     0.1387    -0.1387
log_pi_h       -0.3957    -0.2981    -0.3764     0.1214     0.1209     0.1209    -0.0681     1.0000     0.9747    -0.4466     0.2779    -0.4946     0.4946
log_pi         -0.3767    -0.3052    -0.3867     0.1287     0.1813     0.1813    -0.0846     0.9747     1.0000    -0.3544     0.2898    -0.5095     0.5095
log_tot         0.7012     0.4232     0.4286     0.1790     0.0602     0.0602     0.3868    -0.4466    -0.3544     1.0000     0.0633     0.2768    -0.2768
log_l2          0.3832     0.3206     0.1026     0.8732    -0.1636    -0.1636     0.5136     0.2779     0.2898     0.0633     1.0000    -0.7587     0.7587
log_m2          0.2407     0.3674     0.5664    -0.4898    -0.3602    -0.3602     0.1387    -0.4946    -0.5095     0.2768    -0.7587     1.0000    -1.0000
log_cbdc2      -0.2407    -0.3674    -0.5664     0.4898     0.3602     0.3602    -0.1387     0.4946     0.5095    -0.2768     0.7587    -1.0000     1.0000



COEFFICIENTS OF AUTOCORRELATION (HP filter, lambda = 100)
Order              1        2        3        4        5
log_y         0.4800   0.1154  -0.1070  -0.2235  -0.2644
log_c         0.4077   0.0121  -0.1926  -0.2620  -0.2512
log_c1        0.3083  -0.0620  -0.2111  -0.2357  -0.2010
log_c2        0.6054   0.1563  -0.1549  -0.3093  -0.3450
log_r         0.1659  -0.1376  -0.2026  -0.1778  -0.1288
log_r_d       0.1659  -0.1376  -0.2026  -0.1778  -0.1288
log_w         0.4978   0.0917  -0.1462  -0.2552  -0.2782
log_pi_h     -0.1365  -0.1476  -0.1014  -0.0692  -0.0464
log_pi       -0.1178  -0.1360  -0.1046  -0.0779  -0.0554
log_tot       0.3503  -0.0242  -0.1792  -0.2194  -0.2048
log_l2        0.5769   0.1197  -0.1744  -0.3065  -0.3260
log_m2        0.2548  -0.1194  -0.2320  -0.2194  -0.1631
log_cbdc2     0.2548  -0.1194  -0.2320  -0.2194  -0.1631
Total computing time : 0h00m03s
