Starting Dynare (version 5.1).
Calling Dynare with arguments: none
Starting preprocessing of the model file ...
Found 61 equation(s).
Evaluating expressions...done
Computing static model derivatives (order 1).
Computing dynamic model derivatives (order 1).
Processing outputs ...
done
Preprocessing completed.


STEADY-STATE RESULTS:

a_a       		 1
a_z       		 1
a_g       		 0.3
a_y_star  		 1
a_r_star  		 1.0101
c         		 1.51686
h         		 0.843556
k         		 17.6454
i         		 0.441135
y_h       		 2.30083
v         		 -79.9
lm1       		 0.35337
c1        		 1.58956
h1        		 0.807624
d1        		 18.9543
d_f1      		 2.5
b1        		 2.5
b_f1      		 0.0625
l1        		 22.0568
s1        		 0
tau1      		 0
v1        		 -73.5466
lm2       		 0.645553
c2        		 1.22607
h2        		 0.987287
m2        		 0.0538766
m_f2      		 0.155608
cbdc2     		 0.254449
l2        		 1.38292
s2        		 2.2065e-05
tau2      		 0.00836989
v2        		 -105.314
r_d       		 1.0426
r_df      		 1.0101
r_k       		 0.035101
w         		 1.49073
q         		 1
mc        		 0.815741
pi_h      		 1.03217
pi        		 1.03217
p_h       		 0.978881
s         		 1.24097
delta_e   		 1.03217
r         		 1.0426
tax       		 0.158012
t1        		 0.160268
t2        		 0.160268
log_y     		 0.811925
log_c     		 0.416643
log_c1    		 0.463456
log_c2    		 0.203816
log_r     		 0.0417136
log_r_d   		 0.0417136
log_w     		 0.399263
log_pi_h  		 0.0316633
log_pi    		 0.0316633
log_tot   		 -0.237236
log_d1    		 2.94203
log_m2    		 -2.92106
log_cbdc2 		 -1.36866
log_m_f2  		 -1.86042

MODEL SUMMARY

  Number of variables:         61
  Number of stochastic shocks: 6
  Number of state variables:   15
  Number of jumpers:           12
  Number of static variables:  37


MATRIX OF COVARIANCE OF EXOGENOUS SHOCKS
Variables          eps_a       eps_z       eps_g  eps_y_star  eps_r_star       eps_m
eps_a           0.005055    0.000000    0.000000    0.000000    0.000000    0.000000
eps_z           0.000000    0.004816    0.000000    0.000000    0.000000    0.000000
eps_g           0.000000    0.000000    0.002500    0.000000    0.000000    0.000000
eps_y_star      0.000000    0.000000    0.000000    0.006209    0.000000    0.000000
eps_r_star      0.000000    0.000000    0.000000    0.000000    0.006384    0.000000
eps_m           0.000000    0.000000    0.000000    0.000000    0.000000    0.062500

POLICY AND TRANSITION FUNCTIONS
                                   v              v1              v2           log_y           log_c          log_c1          log_c2           log_r         log_r_d           log_w        log_pi_h          log_pi         log_tot          log_d1          log_m2       log_cbdc2        log_m_f2
Constant                  -79.900033      -73.546555     -105.313945        0.811925        0.416643        0.463456        0.203816        0.041714        0.041714        0.399263        0.031663        0.031663       -0.237236        2.942033       -2.921059       -1.368655       -1.860418
a_a(-1)                     8.914272        7.065394       16.309785        0.737460        0.751868        0.840371        0.292904       -1.328971       -1.328971        0.834772       -0.894055       -0.874063       -0.248097       -0.000379        9.100007        1.010852       -5.738984
a_z(-1)                    -0.013578        0.248099       -1.060285        0.018597       -0.017160        0.054005       -0.386208       -0.063679       -0.063679        0.039610        0.027619        0.009102        0.229793        0.036993        0.609329       -0.273398        0.078870
a_g(-1)                    -1.759971       -1.199519       -4.001777        0.118652       -0.234148       -0.204048       -0.390243        0.074689        0.074689       -0.025279       -0.049164       -0.062007        0.159372        0.015276       -0.913142       -0.211438       -0.138647
a_y_star(-1)                0.041976        0.021522        0.123794        0.016738        0.005389        0.003800        0.013630       -0.013556       -0.013556        0.027918        0.021576        0.008554        0.161594        0.024569       -0.150465        0.005136        0.265058
a_r_star(-1)                0.081245        0.076281        0.101100        0.000736       -0.013502       -0.016771        0.003452        0.084207        0.084207       -0.008453        0.004329        0.007462       -0.038886       -0.005564        0.100631        0.560570       -0.690396
k(-1)                       0.482111        0.450500        0.608556        0.013482        0.021920        0.024394        0.009094       -0.016504       -0.016504        0.019743       -0.014571       -0.014369       -0.002506        0.063841        0.124734        0.031304       -0.083242
b1(-1)                     -0.025762        0.060081       -0.369134        0.003879       -0.004608        0.041633       -0.244408       -0.074487       -0.074487       -0.009133       -0.015166       -0.015332        0.002059        0.001458        3.031998       -1.645475       -0.597215
b_f1(-1)                    0.618655        0.422407        1.403650        0.018411        0.273220        0.295646        0.156923       -0.581254       -0.581254        0.227996        0.141530        0.054079        1.085236        0.171801        0.280834       -2.308602        3.750893
m2(-1)                      0.024750       -0.048355        0.317168        0.000172        0.003287       -0.035778        0.205871        0.064798        0.064798        0.012499        0.016177        0.014274        0.023611        0.002608       -2.640435        1.351614        0.612952
m_f2(-1)                    0.184998        0.030196        0.804206       -0.000244        0.073324        0.021651        0.341293       -0.051683       -0.051683        0.067731        0.053797        0.032358        0.266048        0.040716       -3.682592        1.464896        1.667400
cbdc2(-1)                   0.024710       -0.057626        0.354053       -0.003721        0.004420       -0.039932        0.234422        0.071444        0.071444        0.008760        0.014546        0.014705       -0.001975       -0.001399       -2.908124        1.578248        0.572816
r(-1)                      -0.069174        0.157789       -0.977028        0.006030       -0.016394        0.104832       -0.645053       -0.186252       -0.186252       -0.052442       -0.113999       -0.114687        0.008540        0.004202        7.908119       -4.320460       -1.543827
i(-1)                       0.109537        0.127955        0.035863        0.099336       -0.234526       -0.260014       -0.102349        0.162091        0.162091       -0.030414       -0.043700       -0.047858        0.051598        0.048873       -1.492990        0.444563        0.147300
p_h(-1)                    -0.036568        0.039610       -0.341282       -0.050767       -0.057866       -0.030050       -0.202114        0.070421        0.070421       -0.370008       -0.958177        0.060174        0.040010        0.005515        1.309599       -1.073056       -0.086148
s(-1)                       0.008436       -0.013738        0.097134        0.006100        0.008265       -0.001944        0.061208        0.001283        0.001283        0.049903        0.128094        0.128556       -0.005735       -0.000959       -0.601223        0.374509        0.095165
eps_a                      -9.904747       -7.850438      -18.121983       -0.819400       -0.835409       -0.933746       -0.325449        1.476635        1.476635       -0.927524        0.993394        0.971181        0.275663        0.000421      -10.111119       -1.123168        6.376649
eps_z                       0.018814       -0.343770        1.469150       -0.025769        0.023777       -0.074830        0.535136        0.088235        0.088235       -0.054884       -0.038269       -0.012611       -0.318405       -0.051259       -0.844296        0.378825       -0.109284
eps_g                      -0.659989       -0.449820       -1.500667        0.044495       -0.087806       -0.076518       -0.146341        0.028008        0.028008       -0.009479       -0.018437       -0.023253        0.059765        0.005728       -0.342428       -0.079289       -0.051992
eps_y_star                  0.069601        0.035686        0.205262        0.027754        0.008935        0.006300        0.022600       -0.022477       -0.022477        0.046291        0.035775        0.014184        0.267939        0.040738       -0.249485        0.008516        0.439492
eps_r_star                  0.080758        0.094252        0.026783       -0.000758       -0.057154       -0.065907       -0.011762        0.225875        0.225875       -0.042405       -0.008323        0.007737       -0.199304       -0.030439        0.156485        1.322143       -1.733904
eps_m                      -0.015430        0.028618       -0.191622       -0.006822       -0.011144        0.010430       -0.123021       -0.015936       -0.015936       -0.063687       -0.161880       -0.162486        0.007514        0.001471        1.329952       -0.781613       -0.233098


THEORETICAL MOMENTS (HP filter, lambda = 100)
VARIABLE          MEAN  STD. DEV.   VARIANCE
v             -79.9000     0.6392     0.4086
v1            -73.5466     0.4944     0.2445
v2           -105.3139     1.2284     1.5091
log_y           0.8119     0.0557     0.0031
log_c           0.4166     0.0535     0.0029
log_c1          0.4635     0.0577     0.0033
log_c2          0.2038     0.0845     0.0071
log_r           0.0417     0.0927     0.0086
log_r_d         0.0417     0.0927     0.0086
log_w           0.3993     0.0654     0.0043
log_pi_h        0.0317     0.0712     0.0051
log_pi          0.0317     0.0702     0.0049
log_tot        -0.2372     0.0406     0.0016
log_d1          2.9420     0.0108     0.0001
log_m2         -2.9211     0.8835     0.7806
log_cbdc2      -1.3687     0.5326     0.2837
log_m_f2       -1.8604     0.4011     0.1609



VARIANCE DECOMPOSITION (in percent) (HP filter, lambda = 100)
                  eps_a       eps_z       eps_g  eps_y_star  eps_r_star       eps_m
v                 99.74        0.01        0.22        0.01        0.02        0.00
v1                99.61        0.18        0.16        0.00        0.04        0.01
v2                98.87        0.63        0.33        0.02        0.02        0.13
log_y             99.54        0.09        0.14        0.12        0.01        0.09
log_c             98.17        0.11        0.58        0.03        0.90        0.22
log_c1            97.49        0.68        0.36        0.01        1.28        0.18
log_c2            70.28       16.62        0.84        0.08        1.22       10.96
log_r             95.69        0.38        0.02        0.04        3.70        0.17
log_r_d           95.69        0.38        0.02        0.04        3.70        0.17
log_w             94.08        0.25        0.01        0.24        0.38        5.04
log_pi_h          71.56        0.32        0.04        0.32        0.21       27.56
log_pi            71.10        0.12        0.04        0.12        0.05       28.57
log_tot           17.98       29.85        0.41       25.87       25.70        0.19
log_d1            72.49        9.64        0.44        8.15        9.20        0.07
log_m2            84.98        0.39        0.08        0.11        2.64       11.81
log_cbdc2         83.78        0.20        0.07        0.00        4.75       11.20
log_m_f2          85.21        0.29        0.05        0.93       11.75        1.76



MATRIX OF CORRELATIONS (HP filter, lambda = 100)
Variables            v         v1         v2      log_y      log_c     log_c1     log_c2      log_r    log_r_d      log_w   log_pi_h     log_pi    log_tot     log_d1     log_m2  log_cbdc2   log_m_f2
v               1.0000     0.9980     0.9949     0.9927     0.9539     0.8850     0.5977    -0.9226    -0.9226     0.9668    -0.8226    -0.8229    -0.4157    -0.2258     0.2944     0.5369    -0.8471
v1              0.9980     1.0000     0.9866     0.9901     0.9528     0.8969     0.5513    -0.9304    -0.9304     0.9608    -0.8342    -0.8350    -0.3932    -0.2048     0.3290     0.5056    -0.8597
v2              0.9949     0.9866     1.0000     0.9886     0.9476     0.8584     0.6675    -0.9024    -0.9024     0.9683    -0.7972    -0.7966    -0.4484    -0.2578     0.2362     0.5829    -0.8198
log_y           0.9927     0.9901     0.9886     1.0000     0.9338     0.8578     0.6153    -0.9071    -0.9071     0.9741    -0.8009    -0.8030    -0.3771    -0.2105     0.2390     0.5801    -0.8189
log_c           0.9539     0.9528     0.9476     0.9338     1.0000     0.9689     0.4809    -0.9798    -0.9798     0.9412    -0.7950    -0.7936    -0.3545    -0.3687     0.4657     0.3446    -0.8513
log_c1          0.8850     0.8969     0.8584     0.8578     0.9689     1.0000     0.2490    -0.9853    -0.9853     0.8569    -0.8112    -0.8105    -0.2604    -0.3661     0.6524     0.1285    -0.8728
log_c2          0.5977     0.5513     0.6675     0.6153     0.4809     0.2490     1.0000    -0.3438    -0.3438     0.6477    -0.2372    -0.2341    -0.4649    -0.1458    -0.4888     0.8933    -0.2395
log_r          -0.9226    -0.9304    -0.9024    -0.9071    -0.9798    -0.9853    -0.3438     1.0000     1.0000    -0.9004     0.8289     0.8304     0.2427     0.3060    -0.5576    -0.2198     0.8342
log_r_d        -0.9226    -0.9304    -0.9024    -0.9071    -0.9798    -0.9853    -0.3438     1.0000     1.0000    -0.9004     0.8289     0.8304     0.2427     0.3060    -0.5576    -0.2198     0.8342
log_w           0.9668     0.9608     0.9683     0.9741     0.9412     0.8569     0.6477    -0.9004    -0.9004     1.0000    -0.6721    -0.6745    -0.3302    -0.2301     0.1938     0.5977    -0.7608
log_pi_h       -0.8226    -0.8342    -0.7972    -0.8009    -0.7950    -0.8112    -0.2372     0.8289     0.8289    -0.6721     1.0000     0.9987     0.3424     0.2517    -0.5493    -0.1616     0.8256
log_pi         -0.8229    -0.8350    -0.7966    -0.8030    -0.7936    -0.8105    -0.2341     0.8304     0.8304    -0.6745     0.9987     1.0000     0.3173     0.2338    -0.5444    -0.1631     0.8178
log_tot        -0.4157    -0.3932    -0.4484    -0.3771    -0.3545    -0.2604    -0.4649     0.2427     0.2427    -0.3302     0.3424     0.3173     1.0000     0.5278    -0.0879    -0.3505     0.5623
log_d1         -0.2258    -0.2048    -0.2578    -0.2105    -0.3687    -0.3661    -0.1458     0.3060     0.3060    -0.2301     0.2517     0.2338     0.5278     1.0000    -0.3297     0.0058     0.4369
log_m2          0.2944     0.3290     0.2362     0.2390     0.4657     0.6524    -0.4888    -0.5576    -0.5576     0.1938    -0.5493    -0.5444    -0.0879    -0.3297     1.0000    -0.6236    -0.6323
log_cbdc2       0.5369     0.5056     0.5829     0.5801     0.3446     0.1285     0.8933    -0.2198    -0.2198     0.5977    -0.1616    -0.1631    -0.3505     0.0058    -0.6236     1.0000    -0.1946
log_m_f2       -0.8471    -0.8597    -0.8198    -0.8189    -0.8513    -0.8728    -0.2395     0.8342     0.8342    -0.7608     0.8256     0.8178     0.5623     0.4369    -0.6323    -0.1946     1.0000



COEFFICIENTS OF AUTOCORRELATION (HP filter, lambda = 100)
Order              1        2        3        4        5
v             0.4540   0.0887  -0.1265  -0.2300  -0.2573
v1            0.4238   0.0748  -0.1244  -0.2188  -0.2430
v2            0.4993   0.1095  -0.1295  -0.2465  -0.2784
log_y         0.5054   0.1343  -0.1022  -0.2304  -0.2773
log_c         0.3484  -0.0141  -0.1854  -0.2381  -0.2241
log_c1        0.2083  -0.0796  -0.1806  -0.1942  -0.1662
log_c2        0.5373   0.0908  -0.1705  -0.2831  -0.2992
log_r         0.2583  -0.0295  -0.1526  -0.1920  -0.1847
log_r_d       0.2583  -0.0295  -0.1526  -0.1920  -0.1847
log_w         0.4670   0.0761  -0.1424  -0.2423  -0.2637
log_pi_h      0.1736   0.0120  -0.0969  -0.1525  -0.1666
log_pi        0.1826   0.0142  -0.0976  -0.1545  -0.1691
log_tot       0.3603   0.0126  -0.1582  -0.2227  -0.2241
log_d1        0.7378   0.4599   0.1994  -0.0232  -0.1942
log_m2        0.0065  -0.1650  -0.1577  -0.1176  -0.0774
log_cbdc2     0.5206   0.1156  -0.1351  -0.2579  -0.2905
log_m_f2      0.1537  -0.0709  -0.1305  -0.1398  -0.1294
Total computing time : 0h00m03s
