Starting Dynare (version 5.1).
Calling Dynare with arguments: none
Starting preprocessing of the model file ...
Found 61 equation(s).
Evaluating expressions...done
Computing static model derivatives (order 1).
Computing dynamic model derivatives (order 1).
Processing outputs ...
done
Preprocessing completed.


STEADY-STATE RESULTS:

a_a       		 1
a_z       		 1
a_g       		 0.3
a_y_star  		 1
a_r_star  		 1.0101
c         		 1.51458
h         		 0.843367
k         		 17.652
i         		 0.441299
y_h       		 2.30077
v         		 -80.2467
lm1       		 0.350688
c1        		 1.59562
h1        		 0.805736
d1        		 18.9767
d_f1      		 2.5
b1        		 2.5
b_f1      		 0.0625
l1        		 22.065
s1        		 0
tau1      		 0
v1        		 -73.2083
lm2       		 0.658199
c2        		 1.1904
h2        		 0.99389
m2        		 0.293604
m_f2      		 0.286023
cbdc2     		 0
l2        		 1.2911
s2        		 0.00156859
tau2      		 0.0705874
v2        		 -108.4
r_d       		 1.04224
r_df      		 1.0101
r_k       		 0.035101
w         		 1.49162
q         		 1
mc        		 0.816067
pi_h      		 1.03182
pi        		 1.03182
p_h       		 0.979273
s         		 1.23531
delta_e   		 1.03182
r         		 1.04224
tax       		 0.15318
t1        		 0.165211
t2        		 0.165211
log_y     		 0.812299
log_c     		 0.415137
log_c1    		 0.467264
log_c2    		 0.174288
log_r     		 0.041374
log_r_d   		 0.041374
log_w     		 0.39986
log_pi_h  		 0.0313236
log_pi    		 0.0313236
log_tot   		 -0.232266
log_d1    		 2.94321
log_m2    		 -1.22552
log_cbdc2 		 0
log_m_f2  		 -1.25168

MODEL SUMMARY

  Number of variables:         61
  Number of stochastic shocks: 6
  Number of state variables:   14
  Number of jumpers:           12
  Number of static variables:  38


MATRIX OF COVARIANCE OF EXOGENOUS SHOCKS
Variables          eps_a       eps_z       eps_g  eps_y_star  eps_r_star       eps_m
eps_a           0.005055    0.000000    0.000000    0.000000    0.000000    0.000000
eps_z           0.000000    0.004816    0.000000    0.000000    0.000000    0.000000
eps_g           0.000000    0.000000    0.002500    0.000000    0.000000    0.000000
eps_y_star      0.000000    0.000000    0.000000    0.006209    0.000000    0.000000
eps_r_star      0.000000    0.000000    0.000000    0.000000    0.006384    0.000000
eps_m           0.000000    0.000000    0.000000    0.000000    0.000000    0.062500

POLICY AND TRANSITION FUNCTIONS
                                   v              v1              v2           log_y           log_c          log_c1          log_c2           log_r         log_r_d           log_w        log_pi_h          log_pi         log_tot          log_d1          log_m2       log_cbdc2        log_m_f2
Constant                  -80.246660      -73.208314     -108.400046        0.812299        0.415137        0.467264        0.174288        0.041374        0.041374        0.399860        0.031324        0.031324       -0.232266        2.943211       -1.225522               0       -1.251685
a_a(-1)                     9.114316        7.102366       17.162117        0.732813        0.749532        0.849784        0.212016       -1.396869       -1.396869        0.830056       -0.897417       -0.878771       -0.230337        0.002065        3.319712               0       -3.336797
a_z(-1)                    -0.021756        0.231945       -1.036562        0.018205       -0.017343        0.055555       -0.408196       -0.072338       -0.072338        0.036907        0.024855        0.006847        0.222452        0.035613        0.037529               0        0.017523
a_g(-1)                    -1.782020       -1.202267       -4.101029        0.119598       -0.231484       -0.205353       -0.371587        0.081278        0.081278       -0.022832       -0.047089       -0.060584        0.166704        0.016254       -0.471410               0       -0.080999
a_y_star(-1)                0.044134        0.015386        0.159124        0.016388        0.004471        0.003842        0.007846       -0.015702       -0.015702        0.026796        0.020669        0.007896        0.157789        0.023805       -0.001899               0        0.156294
a_r_star(-1)                0.083821        0.073334        0.125769        0.001091       -0.012129       -0.018367        0.021319        0.093573        0.093573       -0.006561        0.006015        0.009013       -0.037037       -0.005249        0.400449               0       -0.322455
k(-1)                       0.487186        0.449845        0.636551        0.013420        0.021911        0.024469        0.008197       -0.017262       -0.017262        0.019671       -0.014596       -0.014411       -0.002288        0.063793        0.059064               0       -0.046527
b1(-1)                     -0.028091        0.058110       -0.372893        0.003419       -0.005124        0.051795       -0.310302       -0.107566       -0.107566       -0.010705       -0.018427       -0.019239        0.010037        0.002742       -0.316281               0       -0.529968
b_f1(-1)                    0.626335        0.391407        1.566049        0.015168        0.260729        0.304091        0.028234       -0.642924       -0.642924        0.213124        0.128205        0.042457        1.059256        0.166563       -1.215408               0        1.868160
m2(-1)                      0.026759       -0.047235        0.322733        0.000554        0.003593       -0.044288        0.260318        0.092339        0.092339        0.013686        0.018794        0.017457        0.016510        0.001441        0.223952               0        0.506812
m_f2(-1)                    0.189780        0.024962        0.849053       -0.000476        0.070871        0.011166        0.390987       -0.026011       -0.026011        0.065996        0.054534        0.034316        0.249745        0.037831        0.090584               0        1.118205
r(-1)                      -0.075486        0.152877       -0.988942        0.004958       -0.017738        0.131669       -0.818807       -0.273012       -0.273012       -0.056414       -0.122536       -0.124975        0.030127        0.007673       -0.847939               0       -1.377654
i(-1)                       0.115211        0.133380        0.042533        0.099793       -0.233371       -0.263767       -0.070400        0.177080        0.177080       -0.028527       -0.041309       -0.045575        0.052700        0.048936       -0.138107               0        0.143894
p_h(-1)                    -0.039836        0.038106       -0.351608       -0.050293       -0.057577       -0.024063       -0.237264        0.055397        0.055397       -0.369316       -0.959084        0.058299        0.046715        0.006563       -0.400008               0       -0.158298
s(-1)                       0.005629       -0.006114        0.052602        0.006449        0.007725        0.002304        0.036789       -0.005516       -0.005516        0.048796        0.126908        0.127501       -0.007336       -0.001063        0.060036               0        0.027744
eps_a                     -10.127018       -7.891518      -19.069019       -0.814237       -0.832813       -0.944205       -0.235573        1.552077        1.552077       -0.922284        0.997130        0.976412        0.255931       -0.002294       -3.688569               0        3.707552
eps_z                       0.030146       -0.321387        1.436279       -0.025225        0.024031       -0.076978        0.565604        0.100233        0.100233       -0.051140       -0.034439       -0.009487       -0.308234       -0.049346       -0.052001               0       -0.024280
eps_g                      -0.668257       -0.450850       -1.537886        0.044849       -0.086806       -0.077007       -0.139345        0.030479        0.030479       -0.008562       -0.017658       -0.022719        0.062514        0.006095       -0.176779               0       -0.030374
eps_y_star                  0.073178        0.025512        0.263844        0.027173        0.007414        0.006370        0.013010       -0.026035       -0.026035        0.044430        0.034271        0.013092        0.261630        0.039472       -0.003149               0        0.259152
eps_r_star                  0.084708        0.092318        0.054265        0.000287       -0.053121       -0.069890        0.036789        0.250653        0.250653       -0.037119       -0.003605        0.012003       -0.192807       -0.029237        0.894039               0       -0.823356
eps_m                      -0.016897        0.028121       -0.196966       -0.006757       -0.011356        0.015487       -0.155279       -0.031259       -0.031259       -0.064068       -0.163292       -0.164313        0.012614        0.002284       -0.186111               0       -0.221856


THEORETICAL MOMENTS (HP filter, lambda = 100)
VARIABLE          MEAN  STD. DEV.   VARIANCE
v             -80.2467     0.6542     0.4280
v1            -73.2083     0.4972     0.2472
v2           -108.4000     1.2918     1.6687
log_y           0.8123     0.0554     0.0031
log_c           0.4151     0.0535     0.0029
log_c1          0.4673     0.0577     0.0033
log_c2          0.1743     0.0996     0.0099
log_r           0.0414     0.0958     0.0092
log_r_d         0.0414     0.0958     0.0092
log_w           0.3999     0.0656     0.0043
log_pi_h        0.0313     0.0711     0.0051
log_pi          0.0313     0.0703     0.0049
log_tot        -0.2323     0.0393     0.0015
log_d1          2.9432     0.0108     0.0001
log_m2         -1.2255     0.2950     0.0870
log_cbdc2       0.0000     0.0000     0.0000
log_m_f2       -1.2517     0.2341     0.0548



VARIANCE DECOMPOSITION (in percent) (HP filter, lambda = 100)
                  eps_a       eps_z       eps_g  eps_y_star  eps_r_star       eps_m
v                 99.74        0.01        0.21        0.01        0.02        0.00
v1                99.64        0.15        0.16        0.00        0.04        0.01
v2                98.97        0.54        0.31        0.03        0.03        0.12
log_y             99.55        0.08        0.15        0.12        0.01        0.09
log_c             98.29        0.10        0.56        0.03        0.79        0.23
log_c1            97.01        0.69        0.36        0.01        1.54        0.40
log_c2            71.13       12.73        0.60        0.12        2.73       12.69
log_r             94.55        0.42        0.02        0.04        4.40        0.57
log_r_d           94.55        0.42        0.02        0.04        4.40        0.57
log_w             94.16        0.22        0.01        0.22        0.30        5.09
log_pi_h          71.12        0.26        0.04        0.29        0.14       28.15
log_pi            70.51        0.09        0.04        0.10        0.04       29.21
log_tot           16.13       29.82        0.49       26.45       26.47        0.64
log_d1            74.13        8.86        0.46        7.64        8.72        0.19
log_m2            92.88        0.02        0.09        0.00        4.90        2.11
log_cbdc2           NaN         NaN         NaN         NaN         NaN         NaN
log_m_f2          83.89        0.50        0.08        1.12        9.78        4.63



MATRIX OF CORRELATIONS (HP filter, lambda = 100)
Variables           v        v1        v2     log_y     log_c    log_c1    log_c2     log_r   log_r_d     log_w  log_pi_h    log_pi   log_tot    log_d1    log_m2  log_m_f2
v              1.0000    0.9981    0.9955    0.9924    0.9570    0.8765    0.5436   -0.9001   -0.9001    0.9668   -0.8166   -0.8161   -0.3973   -0.2160    0.9438   -0.7279
v1             0.9981    1.0000    0.9877    0.9900    0.9543    0.8883    0.4980   -0.9099   -0.9099    0.9598   -0.8293   -0.8294   -0.3770   -0.1931    0.9337   -0.7488
v2             0.9955    0.9877    1.0000    0.9887    0.9539    0.8519    0.6098   -0.8784   -0.8784    0.9704   -0.7909   -0.7896   -0.4255   -0.2497    0.9521   -0.6904
log_y          0.9924    0.9900    0.9887    1.0000    0.9346    0.8447    0.5663   -0.8787   -0.8787    0.9736   -0.7941   -0.7956   -0.3577   -0.1964    0.9512   -0.6879
log_c          0.9570    0.9543    0.9539    0.9346    1.0000    0.9573    0.4395   -0.9611   -0.9611    0.9415   -0.7899   -0.7875   -0.3593   -0.3644    0.8664   -0.7683
log_c1         0.8765    0.8883    0.8519    0.8447    0.9573    1.0000    0.1611   -0.9876   -0.9876    0.8352   -0.8199   -0.8188   -0.2590   -0.3530    0.7293   -0.8617
log_c2         0.5436    0.4980    0.6098    0.5663    0.4395    0.1611    1.0000   -0.2125   -0.2125    0.6193   -0.1493   -0.1444   -0.4220   -0.1473    0.6920    0.0544
log_r         -0.9001   -0.9099   -0.8784   -0.8787   -0.9611   -0.9876   -0.2125    1.0000    1.0000   -0.8611    0.8395    0.8407    0.2210    0.2888   -0.7380    0.8153
log_r_d       -0.9001   -0.9099   -0.8784   -0.8787   -0.9611   -0.9876   -0.2125    1.0000    1.0000   -0.8611    0.8395    0.8407    0.2210    0.2888   -0.7380    0.8153
log_w          0.9668    0.9598    0.9704    0.9736    0.9415    0.8352    0.6193   -0.8611   -0.8611    1.0000   -0.6620   -0.6634   -0.3273   -0.2270    0.9478   -0.6153
log_pi_h      -0.8166   -0.8293   -0.7909   -0.7941   -0.7899   -0.8199   -0.1493    0.8395    0.8395   -0.6620    1.0000    0.9987    0.3063    0.2245   -0.6640    0.8073
log_pi        -0.8161   -0.8294   -0.7896   -0.7956   -0.7875   -0.8188   -0.1444    0.8407    0.8407   -0.6634    0.9987    1.0000    0.2802    0.2070   -0.6612    0.7998
log_tot       -0.3973   -0.3770   -0.4255   -0.3577   -0.3593   -0.2590   -0.4220    0.2210    0.2210   -0.3273    0.3063    0.2802    1.0000    0.5455   -0.4746    0.4808
log_d1        -0.2160   -0.1931   -0.2497   -0.1964   -0.3644   -0.3530   -0.1473    0.2888    0.2888   -0.2270    0.2245    0.2070    0.5455    1.0000   -0.2773    0.4061
log_m2         0.9438    0.9337    0.9521    0.9512    0.8664    0.7293    0.6920   -0.7380   -0.7380    0.9478   -0.6640   -0.6612   -0.4746   -0.2773    1.0000   -0.6103
log_m_f2      -0.7279   -0.7488   -0.6904   -0.6879   -0.7683   -0.8617    0.0544    0.8153    0.8153   -0.6153    0.8073    0.7998    0.4808    0.4061   -0.6103    1.0000



COEFFICIENTS OF AUTOCORRELATION (HP filter, lambda = 100)
Order             1        2        3        4        5
v            0.4548   0.0871  -0.1275  -0.2304  -0.2573
v1           0.4249   0.0790  -0.1228  -0.2195  -0.2448
v2           0.4968   0.0986  -0.1339  -0.2455  -0.2746
log_y        0.5086   0.1390  -0.1001  -0.2307  -0.2791
log_c        0.3567  -0.0108  -0.1848  -0.2404  -0.2278
log_c1       0.1630  -0.0640  -0.1622  -0.1825  -0.1604
log_c2       0.3894   0.0238  -0.1620  -0.2357  -0.2392
log_r        0.1795  -0.0227  -0.1297  -0.1699  -0.1672
log_r_d      0.1795  -0.0227  -0.1297  -0.1699  -0.1672
log_w        0.4752   0.0765  -0.1432  -0.2442  -0.2661
log_pi_h     0.1559   0.0156  -0.0913  -0.1473  -0.1626
log_pi       0.1630   0.0197  -0.0919  -0.1496  -0.1654
log_tot      0.3461  -0.0080  -0.1713  -0.2250  -0.2175
log_d1       0.7480   0.4703   0.2034  -0.0248  -0.1990
log_m2       0.5475   0.1045  -0.1447  -0.2618  -0.2908
log_m_f2    -0.0281  -0.1041  -0.1110  -0.0974  -0.0783
Total computing time : 0h00m03s
