Starting Dynare (version 5.1).
Calling Dynare with arguments: none
Starting preprocessing of the model file ...
Found 61 equation(s).
Evaluating expressions...done
Computing static model derivatives (order 1).
Computing dynamic model derivatives (order 1).
Processing outputs ...
done
Preprocessing completed.


STEADY-STATE RESULTS:

a_a       		 1
a_z       		 1
a_g       		 0.3
a_y_star  		 1
a_r_star  		 1.0101
c         		 1.29011
h         		 0.879797
k         		 15.067
i         		 0.376675
y_h       		 2.24639
v         		 -94.366
lm1       		 0.484162
c1        		 1.35799
h1        		 0.839148
d1        		 10.6945
d_f1      		 6.25
b1        		 2.5
b_f1      		 0.0625
l1        		 18.8338
s1        		 0
tau1      		 0
v1        		 -86.0348
lm2       		 0.928039
c2        		 1.01859
h2        		 1.04239
m2        		 0.0720048
m_f2      		 0.0587012
cbdc2     		 0.27736
l2        		 1.14806
s2        		 2.86656e-05
tau2      		 0.00953999
v2        		 -127.691
r_d       		 1.04228
r_df      		 1.0101
r_k       		 0.035101
w         		 1.22046
q         		 1
mc        		 0.713424
pi_h      		 1.03185
pi        		 1.03185
p_h       		 0.856102
s         		 1.30228
delta_e   		 1.03185
r         		 1.04228
tax       		 0.136273
t1        		 0.181772
t2        		 0.181772
log_y     		 0.653959
log_c     		 0.254726
log_c1    		 0.306003
log_c2    		 0.0184236
log_r     		 0.0414061
log_r_d   		 0.0414061
log_w     		 0.199232
log_pi_h  		 0.0313558
log_pi    		 0.0313558
log_tot   		 -0.419484
log_d1    		 2.36973
log_m2    		 -2.63102
log_cbdc2 		 -1.28244
log_m_f2  		 -2.8353

MODEL SUMMARY

  Number of variables:         61
  Number of stochastic shocks: 6
  Number of state variables:   15
  Number of jumpers:           12
  Number of static variables:  37


MATRIX OF COVARIANCE OF EXOGENOUS SHOCKS
Variables          eps_a       eps_z       eps_g  eps_y_star  eps_r_star       eps_m
eps_a           0.005055    0.000000    0.000000    0.000000    0.000000    0.000000
eps_z           0.000000    0.004816    0.000000    0.000000    0.000000    0.000000
eps_g           0.000000    0.000000    0.002500    0.000000    0.000000    0.000000
eps_y_star      0.000000    0.000000    0.000000    0.006209    0.000000    0.000000
eps_r_star      0.000000    0.000000    0.000000    0.000000    0.006384    0.000000
eps_m           0.000000    0.000000    0.000000    0.000000    0.000000    0.062500

POLICY AND TRANSITION FUNCTIONS
                                   v              v1              v2           log_y           log_c          log_c1          log_c2           log_r         log_r_d           log_w        log_pi_h          log_pi         log_tot          log_d1          log_m2       log_cbdc2        log_m_f2
Constant                  -94.366016      -86.034823     -127.690790        0.653959        0.254726        0.306003        0.018424        0.041406        0.041406        0.199232        0.031356        0.031356       -0.419484        2.369730       -2.631022       -1.282440       -2.835295
a_a(-1)                     9.205538        7.023952       17.931882        0.664456        0.615654        0.718746        0.065888       -1.042348       -1.042348        0.683771       -0.894090       -0.770654       -0.382732       -0.146611        5.697155       -1.831336       -2.778271
a_z(-1)                    -0.066863        0.272042       -1.422482        0.013987       -0.018701        0.052509       -0.398450       -0.051251       -0.051251        0.023432        0.000825       -0.014746        0.048282        0.028523        0.355481       -0.375330        0.152728
a_g(-1)                    -1.986536       -1.190471       -5.170797        0.147248       -0.215598       -0.170502       -0.456086        0.010240        0.010240        0.002519       -0.066638       -0.106903        0.124849        0.053031       -0.332946       -0.283264       -0.806573
a_y_star(-1)                0.205905        0.136345        0.484145        0.069678        0.046075        0.047385        0.039089       -0.086936       -0.086936        0.101561        0.018453       -0.048955        0.209008        0.110750        0.085871        0.012020        0.179188
a_r_star(-1)                0.100428        0.110621        0.059655        0.003027       -0.030555       -0.033196       -0.016469        0.126156        0.126156       -0.012163        0.007364        0.015615       -0.025584       -0.012784       -0.200943        0.393203       -0.562976
k(-1)                       0.625101        0.576671        0.818822        0.014185        0.023326        0.026547        0.006144       -0.015061       -0.015061        0.019960       -0.017410       -0.015129       -0.007070        0.110085        0.099292       -0.013957       -0.061330
b1(-1)                     -0.050565        0.084640       -0.591387        0.005425       -0.019127        0.032993       -0.297071       -0.039085       -0.039085       -0.018323       -0.017198       -0.012633       -0.014155       -0.005497        1.630899       -2.098113        0.842322
b_f1(-1)                    0.884266        0.575664        2.118675       -0.001413        0.400959        0.432910        0.230569       -0.769313       -0.769313        0.232096        0.041434       -0.083353        0.386921        0.217150        1.753450       -2.037204        2.893117
m2(-1)                      0.046658       -0.068206        0.506115       -0.000978        0.017774       -0.026021        0.251320        0.030085        0.030085        0.020351        0.015333        0.008293        0.021828        0.009828       -1.390101        1.759781       -0.668126
m_f2(-1)                    0.279515        0.051150        1.192977       -0.002701        0.122311        0.072130        0.389916       -0.149688       -0.149688        0.082977        0.030333       -0.008945        0.121789        0.065246       -1.404047        1.830910       -0.181836
cbdc2(-1)                   0.048514       -0.081207        0.567400       -0.005205        0.018351       -0.031655        0.285021        0.037499        0.037499        0.017580        0.016501        0.012121        0.013580        0.005274       -1.564748        2.013012       -0.808157
r(-1)                      -0.133585        0.222035       -1.556065        0.010386       -0.053489        0.082722       -0.779876       -0.095592       -0.095592       -0.075811       -0.119526       -0.108427       -0.034415       -0.013164        4.239531       -5.476963        2.202507
i(-1)                       0.025897        0.100290       -0.271677        0.102325       -0.269978       -0.294349       -0.140015        0.159000        0.159000       -0.053413       -0.063146       -0.059905       -0.010047        0.067515       -0.801747        0.649886       -0.844530
p_h(-1)                    -0.051662        0.062716       -0.509177       -0.052450       -0.062790       -0.031523       -0.229532        0.072529        0.072529       -0.419386       -1.099959        0.058994        0.028316        0.013819        0.648273       -1.166235        0.518896
s(-1)                       0.016952       -0.026324        0.190060        0.004311        0.011144       -0.004161        0.092760        0.001115        0.001115        0.049850        0.124387        0.124526       -0.000430       -0.000552       -0.441632        0.606143       -0.251038
eps_a                     -10.228376       -7.804391      -19.924314       -0.738285       -0.684060       -0.798607       -0.073209        1.158165        1.158165       -0.759745        0.993433        0.856283        0.425258        0.162901       -6.330172        2.034817        3.086968
eps_z                       0.092646       -0.376946        1.971016       -0.019381        0.025913       -0.072757        0.552100        0.071014        0.071014       -0.032468       -0.001143        0.020432       -0.066900       -0.039522       -0.492560        0.520064       -0.211622
eps_g                      -0.744951       -0.446427       -1.939049        0.055218       -0.080849       -0.063938       -0.171032        0.003840        0.003840        0.000944       -0.024989       -0.040089        0.046819        0.019887       -0.124855       -0.106224       -0.302465
eps_y_star                  0.341411        0.226073        0.802761        0.115534        0.076397        0.078569        0.064813       -0.144148       -0.144148        0.168399        0.030596       -0.081171        0.346556        0.183634        0.142383        0.019930        0.297112
eps_r_star                  0.085924        0.140973       -0.134275        0.005853       -0.104062       -0.112743       -0.057771        0.326596        0.326596       -0.049855        0.009023        0.039044       -0.093086       -0.049283       -0.581621        0.975995       -1.394645
eps_m                      -0.025638        0.039643       -0.286760       -0.005476       -0.015867        0.007474       -0.140338       -0.003842       -0.003842       -0.066417       -0.163165       -0.162853       -0.000968        0.000043        0.683024       -0.926443        0.379629


THEORETICAL MOMENTS (HP filter, lambda = 100)
VARIABLE          MEAN  STD. DEV.   VARIANCE
v             -94.3660     0.6652     0.4424
v1            -86.0348     0.4918     0.2419
v2           -127.6908     1.3753     1.8914
log_y           0.6540     0.0507     0.0026
log_c           0.2547     0.0472     0.0022
log_c1          0.3060     0.0524     0.0027
log_c2          0.0184     0.0858     0.0074
log_r           0.0414     0.0809     0.0065
log_r_d         0.0414     0.0809     0.0065
log_w           0.1992     0.0588     0.0035
log_pi_h        0.0314     0.0706     0.0050
log_pi          0.0314     0.0653     0.0043
log_tot        -0.4195     0.0382     0.0015
log_d1          2.3697     0.0236     0.0006
log_m2         -2.6310     0.4943     0.2444
log_cbdc2      -1.2824     0.5470     0.2992
log_m_f2       -2.8353     0.3900     0.1521



VARIANCE DECOMPOSITION (in percent) (HP filter, lambda = 100)
                  eps_a       eps_z       eps_g  eps_y_star  eps_r_star       eps_m
v                 99.52        0.02        0.26        0.14        0.04        0.01
v1                99.39        0.21        0.16        0.09        0.12        0.03
v2                98.15        0.90        0.44        0.22        0.05        0.24
log_y             96.91        0.06        0.26        2.67        0.01        0.08
log_c             93.30        0.15        0.66        1.57        3.74        0.58
log_c1            92.92        0.82        0.32        1.26        4.52        0.17
log_c2            63.11       17.18        1.05        1.25        3.24       14.17
log_r             87.35        0.36        0.00        1.84       10.35        0.09
log_r_d           87.35        0.36        0.00        1.84       10.35        0.09
log_w             88.36        0.12        0.01        4.03        0.64        6.84
log_pi_h          69.73        0.05        0.06        1.64        0.07       28.44
log_pi            65.40        0.05        0.09        1.01        0.32       33.12
log_tot           45.61        1.55        0.29       47.01        5.52        0.02
log_d1            61.27        1.17        0.32       32.54        4.65        0.05
log_m2            83.21        0.39        0.03        0.64        5.39       10.33
log_cbdc2         76.30        0.37        0.06        0.80        7.06       15.41
log_m_f2          84.67        0.14        0.13        0.43        9.48        5.15



MATRIX OF CORRELATIONS (HP filter, lambda = 100)
Variables            v         v1         v2      log_y      log_c     log_c1     log_c2      log_r    log_r_d      log_w   log_pi_h     log_pi    log_tot     log_d1     log_m2  log_cbdc2   log_m_f2
v               1.0000     0.9965     0.9928     0.9838     0.9458     0.8797     0.4332    -0.9070    -0.9070     0.9380    -0.7889    -0.7908    -0.6400    -0.5225     0.4743     0.1772    -0.7554
v1              0.9965     1.0000     0.9794     0.9800     0.9396     0.8945     0.3633    -0.9103    -0.9103     0.9241    -0.8099    -0.8096    -0.6418    -0.5217     0.5190     0.1249    -0.7261
v2              0.9928     0.9794     1.0000     0.9773     0.9431     0.8478     0.5278    -0.8912    -0.8912     0.9463    -0.7494    -0.7544    -0.6296    -0.5173     0.4046     0.2499    -0.7881
log_y           0.9838     0.9800     0.9773     1.0000     0.9333     0.8632     0.4435    -0.9055    -0.9055     0.9593    -0.7632    -0.7815    -0.5332    -0.4413     0.4345     0.2140    -0.7661
log_c           0.9458     0.9396     0.9431     0.9333     1.0000     0.9583     0.3665    -0.9773    -0.9773     0.9342    -0.7358    -0.7401    -0.5033    -0.5115     0.5788     0.0260    -0.5748
log_c1          0.8797     0.8945     0.8478     0.8632     0.9583     1.0000     0.0853    -0.9695    -0.9695     0.8325    -0.7884    -0.7809    -0.4760    -0.5351     0.7729    -0.2356    -0.3810
log_c2          0.4332     0.3633     0.5278     0.4435     0.3665     0.0853     1.0000    -0.2508    -0.2508     0.5466     0.0012    -0.0377    -0.2050    -0.0410    -0.4982     0.8579    -0.7636
log_r          -0.9070    -0.9103    -0.8912    -0.9055    -0.9773    -0.9695    -0.2508     1.0000     1.0000    -0.8911     0.7664     0.7778     0.4368     0.4542    -0.6379     0.0715     0.4747
log_r_d        -0.9070    -0.9103    -0.8912    -0.9055    -0.9773    -0.9695    -0.2508     1.0000     1.0000    -0.8911     0.7664     0.7778     0.4368     0.4542    -0.6379     0.0715     0.4747
log_w           0.9380     0.9241     0.9463     0.9593     0.9342     0.8325     0.5466    -0.8911    -0.8911     1.0000    -0.5735    -0.6011    -0.4468    -0.3827     0.3222     0.3125    -0.7647
log_pi_h       -0.7889    -0.8099    -0.7494    -0.7632    -0.7358    -0.7884     0.0012     0.7664     0.7664    -0.5735     1.0000     0.9812     0.5452     0.5042    -0.7015     0.2371     0.3854
log_pi         -0.7908    -0.8096    -0.7544    -0.7815    -0.7401    -0.7809    -0.0377     0.7778     0.7778    -0.6011     0.9812     1.0000     0.4643     0.4209    -0.6606     0.1917     0.4005
log_tot        -0.6400    -0.6418    -0.6296    -0.5332    -0.5033    -0.4760    -0.2050     0.4368     0.4368    -0.4468     0.5452     0.4643     1.0000     0.8402    -0.3504    -0.0663     0.5653
log_d1         -0.5225    -0.5217    -0.5173    -0.4413    -0.5115    -0.5351    -0.0410     0.4542     0.4542    -0.3827     0.5042     0.4209     0.8402     1.0000    -0.4901     0.1465     0.3437
log_m2          0.4743     0.5190     0.4046     0.4345     0.5788     0.7729    -0.4982    -0.6379    -0.6379     0.3222    -0.7015    -0.6606    -0.3504    -0.4901     1.0000    -0.7802     0.1735
log_cbdc2       0.1772     0.1249     0.2499     0.2140     0.0260    -0.2356     0.8579     0.0715     0.0715     0.3125     0.2371     0.1917    -0.0663     0.1465    -0.7802     1.0000    -0.7364
log_m_f2       -0.7554    -0.7261    -0.7881    -0.7661    -0.5748    -0.3810    -0.7636     0.4747     0.4747    -0.7647     0.3854     0.4005     0.5653     0.3437     0.1735    -0.7364     1.0000



COEFFICIENTS OF AUTOCORRELATION (HP filter, lambda = 100)
Order              1        2        3        4        5
v             0.4610   0.0903  -0.1292  -0.2337  -0.2601
v1            0.4208   0.0660  -0.1295  -0.2186  -0.2391
v2            0.5140   0.1217  -0.1291  -0.2536  -0.2875
log_y         0.4947   0.1245  -0.1072  -0.2303  -0.2735
log_c         0.4110  -0.0071  -0.2085  -0.2643  -0.2428
log_c1        0.2749  -0.0920  -0.2147  -0.2190  -0.1773
log_c2        0.5044   0.0664  -0.1823  -0.2793  -0.2835
log_r         0.3454  -0.0296  -0.1866  -0.2245  -0.2062
log_r_d       0.3454  -0.0296  -0.1866  -0.2245  -0.2062
log_w         0.4901   0.0780  -0.1529  -0.2534  -0.2712
log_pi_h      0.1132  -0.0132  -0.0970  -0.1396  -0.1471
log_pi        0.1790  -0.0041  -0.1068  -0.1546  -0.1635
log_tot       0.3359   0.0102  -0.1429  -0.2052  -0.2125
log_d1        0.5150   0.1949  -0.0128  -0.1447  -0.2185
log_m2        0.0866  -0.1997  -0.2068  -0.1430  -0.0816
log_cbdc2     0.3844   0.0069  -0.1712  -0.2304  -0.2256
log_m_f2      0.6382   0.2441  -0.0755  -0.2709  -0.3509
Total computing time : 0h00m03s
