Starting Dynare (version 5.1).
Calling Dynare with arguments: none
Starting preprocessing of the model file ...
Found 61 equation(s).
Evaluating expressions...done
Computing static model derivatives (order 1).
Computing dynamic model derivatives (order 1).
Processing outputs ...
done
Preprocessing completed.


STEADY-STATE RESULTS:

a_a       		 1
a_z       		 1
a_g       		 0.3
a_y_star  		 1
a_r_star  		 1.0101
c         		 1.29046
h         		 0.879157
k         		 15.0844
i         		 0.377111
y_h       		 2.24615
v         		 -94.7208
lm1       		 0.477915
c1        		 1.36683
h1        		 0.836048
d1        		 10.7379
d_f1      		 6.25
b1        		 2.5
b_f1      		 0.0625
l1        		 18.8556
s1        		 0
tau1      		 0
v1        		 -85.3759
lm2       		 0.95105
c2        		 0.984956
h2        		 1.0516
m2        		 0.332282
m_f2      		 0.158358
cbdc2     		 0
l2        		 1.06081
s2        		 0.00210264
tau2      		 0.0817319
v2        		 -132.1
r_d       		 1.04118
r_df      		 1.0101
r_k       		 0.035101
w         		 1.22277
q         		 1
mc        		 0.714325
pi_h      		 1.03076
pi        		 1.03076
p_h       		 0.857187
s         		 1.29883
delta_e   		 1.03076
r         		 1.04118
tax       		 0.131216
t1        		 0.187002
t2        		 0.187002
log_y     		 0.65512
log_c     		 0.254998
log_c1    		 0.312497
log_c2    		 -0.0151581
log_r     		 0.0403506
log_r_d   		 0.0403506
log_w     		 0.201115
log_pi_h  		 0.0303002
log_pi    		 0.0303002
log_tot   		 -0.415562
log_d1    		 2.37378
log_m2    		 -1.10177
log_cbdc2 		 0
log_m_f2  		 -1.8429

MODEL SUMMARY

  Number of variables:         61
  Number of stochastic shocks: 6
  Number of state variables:   14
  Number of jumpers:           12
  Number of static variables:  38


MATRIX OF COVARIANCE OF EXOGENOUS SHOCKS
Variables          eps_a       eps_z       eps_g  eps_y_star  eps_r_star       eps_m
eps_a           0.005055    0.000000    0.000000    0.000000    0.000000    0.000000
eps_z           0.000000    0.004816    0.000000    0.000000    0.000000    0.000000
eps_g           0.000000    0.000000    0.002500    0.000000    0.000000    0.000000
eps_y_star      0.000000    0.000000    0.000000    0.006209    0.000000    0.000000
eps_r_star      0.000000    0.000000    0.000000    0.000000    0.006384    0.000000
eps_m           0.000000    0.000000    0.000000    0.000000    0.000000    0.062500

POLICY AND TRANSITION FUNCTIONS
                                   v              v1              v2           log_y           log_c          log_c1          log_c2           log_r         log_r_d           log_w        log_pi_h          log_pi         log_tot          log_d1          log_m2       log_cbdc2        log_m_f2
Constant                  -94.720785      -85.375944     -132.100150        0.655120        0.254998        0.312497       -0.015158        0.040351        0.040351        0.201115        0.030300        0.030300       -0.415562        2.373778       -1.101772               0       -1.842900
a_a(-1)                     9.456434        6.993950       19.306370        0.659993        0.617716        0.742164       -0.073073       -1.130114       -1.130114        0.682884       -0.899568       -0.780034       -0.369655       -0.138708        0.678066               0       -2.066171
a_z(-1)                    -0.084519        0.262418       -1.472268        0.014051       -0.018488        0.053714       -0.419271       -0.056097       -0.056097        0.021377       -0.000820       -0.015826        0.046404        0.027318       -0.152377               0        0.022161
a_g(-1)                    -2.019678       -1.193250       -5.325389        0.148170       -0.208818       -0.168110       -0.434784        0.006680        0.006680        0.006636       -0.065343       -0.107618        0.130735        0.055675       -0.269730               0       -0.533299
a_y_star(-1)                0.213376        0.132822        0.535592        0.069321        0.043563        0.046407        0.027775       -0.088192       -0.088192        0.099618        0.017672       -0.049159        0.206673        0.108590        0.018997               0        0.150637
a_r_star(-1)                0.101642        0.108566        0.073944        0.003323       -0.026545       -0.033091        0.009793        0.129807        0.129807       -0.009338        0.008643        0.016222       -0.023437       -0.011551        0.289215               0       -0.284340
k(-1)                       0.631542        0.571809        0.870475        0.014109        0.023433        0.026877        0.004316       -0.016386       -0.016386        0.019964       -0.017455       -0.015256       -0.006801        0.109788        0.026725               0       -0.040691
b1(-1)                     -0.058046        0.079530       -0.608347        0.005111       -0.022209        0.044502       -0.392512       -0.069236       -0.069236       -0.022005       -0.021832       -0.017358       -0.013834       -0.005103       -1.030359               0        0.069222
b_f1(-1)                    0.899852        0.569950        2.219459       -0.002932        0.377705        0.433139        0.070003       -0.797025       -0.797025        0.215578        0.032785       -0.088201        0.374144        0.208605       -1.222547               0        1.486440
m2(-1)                      0.053068       -0.063980        0.521257       -0.000683        0.020209       -0.035838        0.331319        0.055793        0.055793        0.023377        0.019227        0.012288        0.021458        0.009401        0.854332               0       -0.032736
m_f2(-1)                    0.291780        0.055431        1.237175       -0.002695        0.119810        0.059247        0.455984       -0.122618       -0.122618        0.082898        0.033336       -0.004868        0.118143        0.062583        0.833048               0        0.317019
r(-1)                      -0.153700        0.209175       -1.605199        0.009784       -0.061587        0.113084       -1.031157       -0.174475       -0.174475       -0.085286       -0.131800       -0.121027       -0.033314       -0.011992       -2.702055               0        0.183745
i(-1)                       0.030596        0.100527       -0.249129        0.102472       -0.264675       -0.296413       -0.088504        0.169417        0.169417       -0.049192       -0.060075       -0.057911       -0.006690        0.069037        0.258017               0       -0.383525
p_h(-1)                    -0.060076        0.058323       -0.533669       -0.050895       -0.063461       -0.025118       -0.276296        0.060327        0.060327       -0.417855       -1.100775        0.055922        0.030643        0.015042       -0.649776               0        0.066377
s(-1)                       0.014546       -0.018760        0.147768        0.004228        0.010033       -0.004139        0.088700        0.004095        0.004095        0.048422        0.124188        0.125146       -0.002962       -0.001754        0.227126               0       -0.021909
eps_a                     -10.507149       -7.771056      -21.451522       -0.733326       -0.686351       -0.824627        0.081193        1.255683        1.255683       -0.758760        0.999520        0.866704        0.410728        0.154119       -0.753407               0        2.295745
eps_z                       0.117111       -0.363611        2.040000       -0.019470        0.025617       -0.074427        0.580949        0.077729        0.077729       -0.029620        0.001137        0.021929       -0.064298       -0.037852        0.211137               0       -0.030706
eps_g                      -0.757379       -0.447469       -1.997021        0.055564       -0.078307       -0.063041       -0.163044        0.002505        0.002505        0.002489       -0.024504       -0.040357        0.049026        0.020878       -0.101149               0       -0.199987
eps_y_star                  0.353798        0.220232        0.888065        0.114941        0.072232        0.076948        0.046053       -0.146231       -0.146231        0.165176        0.029302       -0.081511        0.342685        0.180053        0.031498               0        0.249771
eps_r_star                  0.086393        0.137776       -0.119139        0.006587       -0.093822       -0.112573        0.010265        0.336681        0.336681       -0.042624        0.012433        0.040749       -0.087566       -0.045973        0.685793               0       -0.707322
eps_m                      -0.029829        0.037926       -0.300853       -0.005179       -0.017201        0.012969       -0.184671       -0.017140       -0.017140       -0.067571       -0.165294       -0.165229       -0.000198        0.000543       -0.474833               0        0.036512


THEORETICAL MOMENTS (HP filter, lambda = 100)
VARIABLE          MEAN  STD. DEV.   VARIANCE
v             -94.7208     0.6845     0.4685
v1            -85.3759     0.4891     0.2393
v2           -132.1001     1.4825     2.1977
log_y           0.6551     0.0503     0.0025
log_c           0.2550     0.0476     0.0023
log_c1          0.3125     0.0529     0.0028
log_c2         -0.0152     0.1079     0.0116
log_r           0.0404     0.0843     0.0071
log_r_d         0.0404     0.0843     0.0071
log_w           0.2011     0.0592     0.0035
log_pi_h        0.0303     0.0709     0.0050
log_pi          0.0303     0.0657     0.0043
log_tot        -0.4156     0.0374     0.0014
log_d1          2.3738     0.0231     0.0005
log_m2         -1.1018     0.3086     0.0952
log_cbdc2       0.0000     0.0000     0.0000
log_m_f2       -1.8429     0.1726     0.0298



VARIANCE DECOMPOSITION (in percent) (HP filter, lambda = 100)
                  eps_a       eps_z       eps_g  eps_y_star  eps_r_star       eps_m
v                 99.52        0.03        0.26        0.14        0.04        0.01
v1                99.41        0.20        0.16        0.09        0.11        0.03
v2                98.25        0.82        0.40        0.24        0.07        0.23
log_y             96.91        0.06        0.27        2.68        0.01        0.06
log_c             94.08        0.13        0.62        1.44        3.04        0.68
log_c1            92.86        0.82        0.31        1.14        4.54        0.34
log_c2            66.25       11.59        0.64        1.16        4.95       15.40
log_r             87.49        0.37        0.00        1.67       10.22        0.25
log_r_d           87.49        0.37        0.00        1.67       10.22        0.25
log_w             88.58        0.10        0.01        3.84        0.49        6.99
log_pi_h          69.20        0.04        0.07        1.55        0.04       29.10
log_pi            64.67        0.05        0.09        0.98        0.37       33.83
log_tot           44.63        1.50        0.33       48.39        5.14        0.00
log_d1            61.27        1.13        0.36       32.89        4.33        0.02
log_m2            79.63        0.20        0.06        0.59        7.05       12.47
log_cbdc2           NaN         NaN         NaN         NaN         NaN         NaN
log_m_f2          88.14        0.03        0.33        1.38        9.87        0.24



MATRIX OF CORRELATIONS (HP filter, lambda = 100)
Variables           v        v1        v2     log_y     log_c    log_c1    log_c2     log_r   log_r_d     log_w  log_pi_h    log_pi   log_tot    log_d1    log_m2  log_m_f2
v              1.0000    0.9963    0.9936    0.9835    0.9507    0.8698    0.3838   -0.8954   -0.8954    0.9380   -0.7804   -0.7820   -0.6325   -0.5178    0.5571   -0.9184
v1             0.9963    1.0000    0.9803    0.9798    0.9412    0.8852    0.3143   -0.9019   -0.9019    0.9219   -0.8035   -0.8029   -0.6361   -0.5144    0.5110   -0.9146
v2             0.9936    0.9803    1.0000    0.9773    0.9525    0.8396    0.4712   -0.8768   -0.8768    0.9487   -0.7412   -0.7456   -0.6206   -0.5165    0.6116   -0.9130
log_y          0.9835    0.9798    0.9773    1.0000    0.9339    0.8470    0.3972   -0.8866   -0.8866    0.9568   -0.7562   -0.7741   -0.5252   -0.4319    0.5831   -0.9063
log_c          0.9507    0.9412    0.9525    0.9339    1.0000    0.9384    0.3397   -0.9601   -0.9601    0.9363   -0.7236   -0.7263   -0.5083   -0.5153    0.4517   -0.7808
log_c1         0.8698    0.8852    0.8396    0.8470    0.9384    1.0000   -0.0062   -0.9759   -0.9759    0.8004   -0.8023   -0.7908   -0.4784   -0.5333    0.1429   -0.6680
log_c2         0.3838    0.3143    0.4712    0.3972    0.3397   -0.0062    1.0000   -0.1222   -0.1222    0.5311    0.0896    0.0506   -0.1688   -0.0396    0.9180   -0.4413
log_r         -0.8954   -0.9019   -0.8768   -0.8866   -0.9601   -0.9759   -0.1222    1.0000    1.0000   -0.8522    0.7908    0.7955    0.4413    0.4627   -0.2479    0.6746
log_r_d       -0.8954   -0.9019   -0.8768   -0.8866   -0.9601   -0.9759   -0.1222    1.0000    1.0000   -0.8522    0.7908    0.7955    0.4413    0.4627   -0.2479    0.6746
log_w          0.9380    0.9219    0.9487    0.9568    0.9363    0.8004    0.5311   -0.8522   -0.8522    1.0000   -0.5583   -0.5841   -0.4451   -0.3827    0.6767   -0.8415
log_pi_h      -0.7804   -0.8035   -0.7412   -0.7562   -0.7236   -0.8023    0.0896    0.7908    0.7908   -0.5583    1.0000    0.9823    0.5320    0.4888   -0.0820    0.6752
log_pi        -0.7820   -0.8029   -0.7456   -0.7741   -0.7263   -0.7908    0.0506    0.7955    0.7955   -0.5841    0.9823    1.0000    0.4528    0.4083   -0.1184    0.6631
log_tot       -0.6325   -0.6361   -0.6206   -0.5252   -0.5083   -0.4784   -0.1688    0.4413    0.4413   -0.4451    0.5320    0.4528    1.0000    0.8383   -0.3114    0.7492
log_d1        -0.5178   -0.5144   -0.5165   -0.4319   -0.5153   -0.5333   -0.0396    0.4627    0.4627   -0.3827    0.4888    0.4083    0.8383    1.0000   -0.1451    0.5906
log_m2         0.5571    0.5110    0.6116    0.5831    0.4517    0.1429    0.9180   -0.2479   -0.2479    0.6767   -0.0820   -0.1184   -0.3114   -0.1451    1.0000   -0.6649
log_m_f2      -0.9184   -0.9146   -0.9130   -0.9063   -0.7808   -0.6680   -0.4413    0.6746    0.6746   -0.8415    0.6752    0.6631    0.7492    0.5906   -0.6649    1.0000



COEFFICIENTS OF AUTOCORRELATION (HP filter, lambda = 100)
Order             1        2        3        4        5
v            0.4620   0.0869  -0.1319  -0.2345  -0.2597
v1           0.4198   0.0699  -0.1260  -0.2178  -0.2406
v2           0.5120   0.1065  -0.1391  -0.2542  -0.2819
log_y        0.4950   0.1318  -0.1025  -0.2295  -0.2755
log_c        0.4263  -0.0094  -0.2113  -0.2661  -0.2455
log_c1       0.2226  -0.0950  -0.1904  -0.1955  -0.1634
log_c2       0.3447  -0.0232  -0.1769  -0.2216  -0.2107
log_r        0.2769  -0.0463  -0.1651  -0.1954  -0.1829
log_r_d      0.2769  -0.0463  -0.1651  -0.1954  -0.1829
log_w        0.4973   0.0758  -0.1556  -0.2546  -0.2720
log_pi_h     0.0936  -0.0118  -0.0897  -0.1336  -0.1427
log_pi       0.1549  -0.0017  -0.0981  -0.1474  -0.1587
log_tot      0.3416   0.0102  -0.1476  -0.2109  -0.2160
log_d1       0.5276   0.2061  -0.0070  -0.1443  -0.2216
log_m2       0.4748   0.0786  -0.1482  -0.2496  -0.2692
log_m_f2     0.4910   0.1477  -0.0836  -0.2186  -0.2744
Total computing time : 0h00m03s
