Starting Dynare (version 5.1).
Calling Dynare with arguments: none
Starting preprocessing of the model file ...
Found 57 equation(s).
Evaluating expressions...done
Computing static model derivatives (order 1).
Computing dynamic model derivatives (order 1).
Processing outputs ...
done
Preprocessing completed.


STEADY-STATE RESULTS:

a_a       		 1
a_z       		 1
a_g       		 0.3
a_y_star  		 1
a_r_star  		 1.0101
c         		 1.29238
h         		 0.876605
k         		 15.0967
i         		 0.377418
y_h       		 2.24238
v         		 -94.5764
lm1       		 0.473286
c1        		 1.3735
h1        		 0.834374
d1        		 18.8709
b1        		 2.5
b_f1      		 0.0625
l1        		 18.8709
s1        		 0
tau1      		 0
v1        		 -84.9233
lm2       		 0.931204
c2        		 0.967904
h2        		 1.04553
m2        		 1.0049
cbdc2     		 0
l2        		 1.0049
s2        		 0.00617099
tau2      		 0.140109
v2        		 -133.189
r_d       		 1.0404
r_k       		 0.035101
w         		 1.22732
q         		 1
mc        		 0.716108
pi_h      		 1.03
pi        		 1.03
p_h       		 0.85933
s         		 1.29209
delta_e   		 1.03
r         		 1.0404
tax       		 0.131856
t1        		 0.182492
t2        		 0.182492
log_y     		 0.655937
log_c     		 0.256487
log_c1    		 0.317364
log_c2    		 -0.0326227
log_r     		 0.039608
log_r_d   		 0.039608
log_w     		 0.204837
log_pi_h  		 0.0295576
log_pi    		 0.0295576
log_tot   		 -0.407862
log_d1    		 2.93762
log_m2    		 0.00488847
log_cbdc2 		 0

MODEL SUMMARY

  Number of variables:         57
  Number of stochastic shocks: 6
  Number of state variables:   13
  Number of jumpers:           12
  Number of static variables:  35


MATRIX OF COVARIANCE OF EXOGENOUS SHOCKS
Variables          eps_a       eps_z       eps_g  eps_y_star  eps_r_star       eps_m
eps_a           0.005055    0.000000    0.000000    0.000000    0.000000    0.000000
eps_z           0.000000    0.004816    0.000000    0.000000    0.000000    0.000000
eps_g           0.000000    0.000000    0.002500    0.000000    0.000000    0.000000
eps_y_star      0.000000    0.000000    0.000000    0.006209    0.000000    0.000000
eps_r_star      0.000000    0.000000    0.000000    0.000000    0.006384    0.000000
eps_m           0.000000    0.000000    0.000000    0.000000    0.000000    0.062500

POLICY AND TRANSITION FUNCTIONS
                                   v              v1              v2           log_y           log_c          log_c1          log_c2           log_r         log_r_d           log_w        log_pi_h          log_pi         log_tot          log_d1          log_m2       log_cbdc2
Constant                  -94.576445      -84.923280     -133.189102        0.655937        0.256487        0.317364       -0.032623        0.039608        0.039608        0.204837        0.029558        0.029558       -0.407862        2.937622        0.004888               0
a_a(-1)                     9.613219        6.646979       21.478180        0.661650        0.594241        0.683532        0.087407       -1.020776       -1.020776        0.677601       -0.894713       -0.766035       -0.395864        0.027649       -0.150984               0
a_z(-1)                    -0.089571        0.251943       -1.455627        0.013941       -0.016407        0.051179       -0.400038       -0.052052       -0.052052        0.022969        0.000395       -0.014974        0.047281        0.001978       -0.072678               0
a_g(-1)                    -2.029082       -1.195932       -5.361684        0.148429       -0.213406       -0.187114       -0.362640        0.037258        0.037258        0.005213       -0.062272       -0.103287        0.126178       -0.006868       -0.313371               0
a_y_star(-1)                0.218049        0.130122        0.569758        0.069679        0.047476        0.048164        0.043570       -0.090923       -0.090923        0.102197        0.018205       -0.049715        0.208949        0.001684        0.043058               0
a_r_star(-1)                0.099513        0.107579        0.067250        0.003270       -0.031442       -0.036655       -0.001852        0.139739        0.139739       -0.013221        0.008301        0.017412       -0.028030        0.000218        0.031277               0
k(-1)                       0.634904        0.558063        0.942265        0.014144        0.022854        0.025736        0.006495       -0.014531       -0.014531        0.019723       -0.017435       -0.015038       -0.007374        0.064434        0.003047               0
b1(-1)                     -0.059344        0.075779       -0.599840        0.003756       -0.017053        0.036034       -0.318387       -0.049662       -0.049662       -0.012826       -0.014848       -0.012291       -0.007864        0.001004       -0.473413               0
b_f1(-1)                    0.912675        0.560015        2.323315       -0.000785        0.404879        0.453021        0.131614       -0.841323       -0.841323        0.238953        0.035841       -0.094470        0.400890        0.010140       -0.071404               0
m2(-1)                      0.054564       -0.061043        0.516992        0.000490        0.016320       -0.028367        0.269970        0.038193        0.038193        0.015962        0.013369        0.007863        0.016938       -0.000794        0.400725               0
r(-1)                      -0.154536        0.196260       -1.557720        0.006305       -0.047284        0.089464       -0.823491       -0.121475       -0.121475       -0.060381       -0.112896       -0.107474       -0.016682        0.002520       -1.221874               0
i(-1)                       0.039080        0.072917       -0.096266        0.102103       -0.271309       -0.304871       -0.080809        0.179712        0.179712       -0.055459       -0.061414       -0.056749       -0.014353        0.040972        0.004235               0
p_h(-1)                    -0.064577        0.056772       -0.549973       -0.051005       -0.061094       -0.029859       -0.238392        0.068705        0.068705       -0.410845       -1.094318        0.057921        0.035252       -0.000442       -0.316139               0
s(-1)                       0.019222       -0.022817        0.187382        0.004379        0.010156       -0.004633        0.094103        0.003448        0.003448        0.047607        0.124355        0.125514       -0.003567       -0.000172        0.135764               0
eps_a                     -10.681355       -7.385532      -23.864644       -0.735166       -0.660268       -0.759480       -0.097119        1.134196        1.134196       -0.752890        0.994125        0.851150        0.439848       -0.030722        0.167759               0
eps_z                       0.124111       -0.349097        2.016943       -0.019316        0.022734       -0.070914        0.554299        0.072124        0.072124       -0.031827       -0.000547        0.020748       -0.065513       -0.002740        0.100704               0
eps_g                      -0.760906       -0.448474       -2.010632        0.055661       -0.080027       -0.070168       -0.135990        0.013972        0.013972        0.001955       -0.023352       -0.038733        0.047317       -0.002576       -0.117514               0
eps_y_star                  0.361548        0.215756        0.944715        0.115535        0.078720        0.079861        0.072244       -0.150760       -0.150760        0.169452        0.030186       -0.082432        0.346459        0.002792        0.071395               0
eps_r_star                  0.080901        0.137077       -0.143800        0.006237       -0.106186       -0.121583       -0.018787        0.360502        0.360502       -0.052640        0.011434        0.043715       -0.099309       -0.000769        0.067093               0
eps_m                      -0.024837        0.029482       -0.242114       -0.005658       -0.013122        0.005987       -0.121589       -0.004456       -0.004456       -0.061513       -0.160677       -0.162176        0.004609        0.000222       -0.175418               0


THEORETICAL MOMENTS (HP filter, lambda = 100)
VARIABLE          MEAN  STD. DEV.   VARIANCE
v             -94.5764     0.6977     0.4868
v1            -84.9233     0.4657     0.2168
v2           -133.1891     1.6410     2.6928
log_y           0.6559     0.0506     0.0026
log_c           0.2565     0.0459     0.0021
log_c1          0.3174     0.0500     0.0025
log_c2         -0.0326     0.0943     0.0089
log_r           0.0396     0.0800     0.0064
log_r_d         0.0396     0.0800     0.0064
log_w           0.2048     0.0579     0.0034
log_pi_h        0.0296     0.0702     0.0049
log_pi          0.0296     0.0650     0.0042
log_tot        -0.4079     0.0391     0.0015
log_d1          2.9376     0.0071     0.0000
log_m2          0.0049     0.1242     0.0154
log_cbdc2       0.0000     0.0000     0.0000



VARIANCE DECOMPOSITION (in percent) (HP filter, lambda = 100)
                  eps_a       eps_z       eps_g  eps_y_star  eps_r_star       eps_m
v                 99.54        0.03        0.25        0.14        0.04        0.01
v1                99.38        0.20        0.18        0.09        0.13        0.02
v2                98.62        0.67        0.34        0.21        0.05        0.12
log_y             96.90        0.06        0.27        2.68        0.01        0.07
log_c             92.97        0.13        0.68        1.74        4.07        0.41
log_c1            91.42        0.84        0.41        1.39        5.82        0.10
log_c2            70.30       14.24        0.71        1.43        4.54        8.78
log_r             84.59        0.37        0.01        2.01       12.97        0.05
log_r_d           84.59        0.37        0.01        2.01       12.97        0.05
log_w             88.97        0.11        0.01        4.20        0.73        5.99
log_pi_h          70.26        0.05        0.06        1.67        0.07       27.89
log_pi            65.16        0.05        0.09        1.04        0.41       33.25
log_tot           47.74        1.37        0.29       44.74        5.77        0.10
log_d1            97.68        0.65        0.32        0.63        0.68        0.04
log_m2            80.65        0.26        0.43        1.46        6.60       10.60
log_cbdc2           NaN         NaN         NaN         NaN         NaN         NaN



MATRIX OF CORRELATIONS (HP filter, lambda = 100)
Variables           v        v1        v2     log_y     log_c    log_c1    log_c2     log_r   log_r_d     log_w  log_pi_h    log_pi   log_tot    log_d1    log_m2
v              1.0000    0.9962    0.9951    0.9839    0.9512    0.8733    0.4586   -0.8947   -0.8947    0.9422   -0.7905   -0.7903   -0.6559    0.0112    0.3473
v1             0.9962    1.0000    0.9828    0.9793    0.9449    0.8897    0.3889   -0.8984   -0.8984    0.9291   -0.8099   -0.8067   -0.6579    0.0171    0.2918
v2             0.9951    0.9828    1.0000    0.9801    0.9497    0.8468    0.5335   -0.8822   -0.8822    0.9484   -0.7612   -0.7643   -0.6476    0.0044    0.4071
log_y          0.9839    0.9793    0.9801    1.0000    0.9387    0.8548    0.4738   -0.8913   -0.8913    0.9630   -0.7642   -0.7804   -0.5508    0.0015    0.3835
log_c          0.9512    0.9449    0.9497    0.9387    1.0000    0.9517    0.3812   -0.9722   -0.9722    0.9416   -0.7430   -0.7483   -0.5272   -0.1547    0.2366
log_c1         0.8733    0.8897    0.8468    0.8548    0.9517    1.0000    0.0788   -0.9675   -0.9675    0.8335   -0.7848   -0.7751   -0.4936   -0.2534   -0.0532
log_c2         0.4586    0.3889    0.5335    0.4738    0.3812    0.0788    1.0000   -0.2432   -0.2432    0.5472   -0.0493   -0.0958   -0.2254    0.2603    0.9281
log_r         -0.8947   -0.8984   -0.8822   -0.8913   -0.9722   -0.9675   -0.2432    1.0000    1.0000   -0.8856    0.7612    0.7728    0.4420    0.1615   -0.1169
log_r_d       -0.8947   -0.8984   -0.8822   -0.8913   -0.9722   -0.9675   -0.2432    1.0000    1.0000   -0.8856    0.7612    0.7728    0.4420    0.1615   -0.1169
log_w          0.9422    0.9291    0.9484    0.9630    0.9416    0.8335    0.5472   -0.8856   -0.8856    1.0000   -0.5877   -0.6141   -0.4755   -0.0222    0.4661
log_pi_h      -0.7905   -0.8099   -0.7612   -0.7642   -0.7430   -0.7848   -0.0493    0.7612    0.7612   -0.5877    1.0000    0.9795    0.5412    0.0938    0.0728
log_pi        -0.7903   -0.8067   -0.7643   -0.7804   -0.7483   -0.7751   -0.0958    0.7728    0.7728   -0.6141    0.9795    1.0000    0.4546    0.0627    0.0160
log_tot       -0.6559   -0.6579   -0.6476   -0.5508   -0.5272   -0.4936   -0.2254    0.4420    0.4420   -0.4755    0.5412    0.4546    1.0000    0.0531   -0.1240
log_d1         0.0112    0.0171    0.0044    0.0015   -0.1547   -0.2534    0.2603    0.1615    0.1615   -0.0222    0.0938    0.0627    0.0531    1.0000    0.3241
log_m2         0.3473    0.2918    0.4071    0.3835    0.2366   -0.0532    0.9281   -0.1169   -0.1169    0.4661    0.0728    0.0160   -0.1240    0.3241    1.0000



COEFFICIENTS OF AUTOCORRELATION (HP filter, lambda = 100)
Order             1        2        3        4        5
v            0.4663   0.0952  -0.1271  -0.2346  -0.2631
v1           0.4220   0.0675  -0.1289  -0.2190  -0.2402
v2           0.5135   0.1244  -0.1252  -0.2509  -0.2871
log_y        0.4983   0.1332  -0.1032  -0.2313  -0.2773
log_c        0.4230   0.0095  -0.1978  -0.2638  -0.2506
log_c1       0.2625  -0.0908  -0.2065  -0.2127  -0.1750
log_c2       0.5407   0.0989  -0.1678  -0.2834  -0.3006
log_r        0.3233  -0.0312  -0.1756  -0.2133  -0.1994
log_r_d      0.3233  -0.0312  -0.1756  -0.2133  -0.1994
log_w        0.4967   0.0898  -0.1473  -0.2542  -0.2762
log_pi_h     0.1151  -0.0186  -0.0953  -0.1362  -0.1448
log_pi       0.1774  -0.0011  -0.1030  -0.1529  -0.1640
log_tot      0.3350  -0.0071  -0.1588  -0.2111  -0.2086
log_d1       0.9063   0.6730   0.3736   0.0735  -0.1818
log_m2       0.4881   0.0680  -0.1675  -0.2640  -0.2744
Total computing time : 0h00m03s
